4.363223910331726074e-01
2.404710203409194946e-01
-5.014158487319946289e-01
9.751306772232055664e-01
-2.652898132801055908e-01
-2.022033691406250000e+00
-6.117898225784301758e-02
1.214824795722961426e+00
2.480223923921585083e-01
-5.630759596824645996e-01
-7.569475173950195312e-01
-8.193446397781372070e-01
-6.136243343353271484e-01
-2.849325537681579590e-01
-8.602001667022705078e-01
1.089853346347808838e-01
1.329395323991775513e-01
9.611279964447021484e-01
9.873916208744049072e-02
3.746732473373413086e-01
1.456550717353820801e+00
4.009571671485900879e-02
-9.725454449653625488e-01
-8.532161712646484375e-01
-6.138271093368530273e-01
-1.129174754023551941e-01
1.280527591705322266e+00
-1.856971740722656250e+00
6.422122120857238770e-01
3.240143060684204102e-01
2.831864833831787109e+00
-3.618360161781311035e-01
6.741738319396972656e-01
3.761934638023376465e-01
-1.742309480905532837e-01
-1.063526719808578491e-01
5.799424648284912109e-01
2.316440790891647339e-01
2.680716514587402344e-01
-1.039162874221801758e+00
9.826893806457519531e-01
7.239575386047363281e-01
-9.930826425552368164e-01
-1.371324777603149414e+00
5.329796075820922852e-01
-2.093980014324188232e-01
1.397608280181884766e+00
1.182607263326644897e-01
1.099053174257278442e-01
1.263861060142517090e+00
-1.636840581893920898e+00
-1.101761102676391602e+00
3.607101738452911377e-01
1.383596777915954590e+00
-4.040080308914184570e-01
-4.544243216514587402e-01
-2.289567738771438599e-01
-4.256224036216735840e-01
1.388229608535766602e+00
-7.794806361198425293e-01
-7.680395245552062988e-01
2.709340751171112061e-01
1.518045067787170410e-01
-8.720376491546630859e-01
1.159140944480895996e+00
-4.785830676555633545e-01
5.744869709014892578e-01
3.642143607139587402e-01
-9.414037466049194336e-01
-1.399798393249511719e+00
-8.402238488197326660e-01
-2.008688211441040039e+00
-1.514733552932739258e+00
-1.193544983863830566e+00
9.693344235420227051e-01
1.111101061105728149e-01
7.142189145088195801e-01
-1.867063045501708984e+00
6.197060346603393555e-01
1.125748634338378906e+00
-2.597936987876892090e-01
-8.270000219345092773e-01
5.970049500465393066e-01
-3.905161619186401367e-01
8.972176313400268555e-01
-1.294330358505249023e-01
-1.060611605644226074e-01
-8.951666951179504395e-01
6.436499357223510742e-01
-1.492391705513000488e+00
2.223088145256042480e-01
3.804542720317840576e-01
4.832155704498291016e-01
-3.221900463104248047e-01
-1.140002489089965820e+00
-9.721893817186355591e-02
6.652259826660156250e-01
-3.384405001997947693e-02
-2.040234565734863281e+00
-3.666849434375762939e-01
-8.892776370048522949e-01
8.919715881347656250e-01
-1.370867967605590820e+00
-4.598232731223106384e-02
1.439552903175354004e+00
-5.658382177352905273e-01
-3.889183104038238525e-01
7.722246646881103516e-01
2.569226324558258057e-01
1.514092564582824707e+00
9.976326227188110352e-01
-2.632528245449066162e-01
-2.385234385728836060e-01
4.895357787609100342e-02
7.650631070137023926e-01
-8.954204320907592773e-01
-7.027055025100708008e-01
8.984973281621932983e-02
-8.046398758888244629e-01
-1.663399934768676758e-01
1.235698014497756958e-01
5.542737245559692383e-01
2.374655008316040039e-01
-1.057335257530212402e+00
5.873976349830627441e-01
-3.623929619789123535e-01
-1.610517799854278564e-01
-1.117954969406127930e+00
-6.164137721061706543e-01
7.949593067169189453e-01
-1.948082149028778076e-01
6.636592149734497070e-01
1.114259719848632812e+00
2.972982883453369141e+00
-3.784146010875701904e-01
-1.653967857360839844e+00
2.062047719955444336e+00
-1.338470578193664551e+00
-2.696145772933959961e-01
-1.762670576572418213e-01
1.925277829170227051e+00
1.901069164276123047e+00
-5.220969915390014648e-01
-1.893573999404907227e+00
1.018035531044006348e+00
1.033146023750305176e+00
1.587557792663574219e+00
-9.348411560058593750e-01
-7.061294913291931152e-01
8.218939602375030518e-02
2.960778951644897461e+00
2.760977745056152344e-01
-1.173992156982421875e+00
-1.522233486175537109e+00
-3.596385121345520020e-01
-5.463573336601257324e-01
1.175118327140808105e+00
3.909548819065093994e-01
-1.912460774183273315e-01
-1.649610161781311035e+00
4.779581427574157715e-01
2.975060939788818359e-01
-1.259302854537963867e+00
5.664902329444885254e-01
-3.367565870285034180e-01
-5.110936760902404785e-01
9.920321702957153320e-01
-7.510305643081665039e-01
-3.325522840023040771e-01
4.988195300102233887e-01
-9.074655175209045410e-01
2.809664011001586914e-01
-7.664285302162170410e-01
1.206642866134643555e+00
-1.122786283493041992e+00
-2.659351378679275513e-02
1.573723703622817993e-01
2.370781898498535156e+00
9.560431540012359619e-02
1.114864945411682129e+00
1.545002222061157227e+00
-8.455349206924438477e-01
-5.975036621093750000e-01
-6.757717132568359375e-01
2.698148488998413086e-01
-4.796881079673767090e-01
-8.908242732286453247e-02
-8.094232529401779175e-02
1.375115990638732910e+00
-3.320712447166442871e-01
8.381976485252380371e-01
-1.154816150665283203e-02
4.430859088897705078e-01
3.556835055351257324e-01
1.808911114931106567e-01
-1.331441164016723633e+00
1.060653209686279297e+00
-7.139927744865417480e-01
2.196055054664611816e-01
3.738740682601928711e-01
-1.182330250740051270e+00
8.258039951324462891e-01
-1.483462750911712646e-01
-2.134058952331542969e+00
-1.792769134044647217e-02
4.495897293090820312e-01
-1.377975463867187500e+00
-2.572316825389862061e-01
-5.801511555910110474e-02
1.652990221977233887e+00
-2.938713431358337402e-01
-9.986227750778198242e-01
-1.130350351333618164e+00
-1.787672281265258789e+00
-1.248496294021606445e+00
4.848241508007049561e-01
-1.234394669532775879e+00
-1.322498559951782227e+00
4.229111969470977783e-01
-1.189648270606994629e+00
1.356141090393066406e+00
1.875233888626098633e+00
-4.198803305625915527e-01
-1.036503911018371582e+00
-1.199733465909957886e-01
2.940860018134117126e-02
4.298881292343139648e-01
-5.615013837814331055e-01
3.412140905857086182e-02
-4.643426537513732910e-01
-3.763914704322814941e-01
3.120267093181610107e-01
8.503134846687316895e-01
1.232036232948303223e+00
4.416643828153610229e-02
-6.280972361564636230e-01
-1.368216127157211304e-01
-4.114227592945098877e-01
-1.285913109779357910e+00
-8.815015852451324463e-02
1.098749279975891113e+00
8.164107799530029297e-01
-1.072391629219055176e+00
9.834609627723693848e-01
1.443094015121459961e-01
1.250164866447448730e+00
-6.323167085647583008e-01
7.940292358398437500e-01
-1.398841142654418945e+00
-6.704733371734619141e-01
-4.521117508411407471e-01
1.472750902175903320e+00
3.162091970443725586e-01
7.781255841255187988e-01
-1.519187390804290771e-01
-9.207581281661987305e-01
-1.683249235153198242e+00
-1.180175304412841797e+00
9.210840463638305664e-01
1.994445443153381348e+00
1.540076375007629395e+00
-4.537002742290496826e-01
1.036260724067687988e+00
1.269927620887756348e+00
-1.477111816406250000e+00
9.996818900108337402e-01
7.852449417114257812e-01
4.327533245086669922e-01
1.825735330581665039e+00
4.173694849014282227e-01
-8.868899941444396973e-02
-2.595290184020996094e+00
4.055282473564147949e-02
-1.252830028533935547e-03
1.305860400199890137e+00
-1.620001077651977539e+00
1.507242679595947266e+00
-7.756755352020263672e-01
1.137359023094177246e+00
-1.749722361564636230e-01
5.460046529769897461e-01
-1.427522420883178711e+00
1.342943191528320312e+00
-3.157936334609985352e-01
1.657712817192077637e+00
4.358263015747070312e-01
1.252284049987792969e+00
1.792615294456481934e+00
1.545142173767089844e+00
1.125099137425422668e-01
3.899890780448913574e-01
-5.857100337743759155e-02
4.660208821296691895e-01
7.163664698600769043e-01
-7.611749768257141113e-01
-6.962269544601440430e-01
8.935861587524414062e-01
-1.647020220756530762e+00
-5.641010999679565430e-01
-1.232886463403701782e-01
1.719130516052246094e+00
1.007049441337585449e+00
5.220350623130798340e-01
-5.760811269283294678e-02
-8.708729147911071777e-01
1.413977146148681641e+00
-4.499077796936035156e-02
3.911603391170501709e-01
4.528762698173522949e-01
-7.714083045721054077e-02
-6.136858463287353516e-01
7.407917827367782593e-02
2.854947447776794434e-01
1.657743811607360840e+00
7.955965399742126465e-01
1.728232353925704956e-01
1.596123099327087402e+00
-3.643544614315032959e-01
-1.162832379341125488e+00
-4.979790449142456055e-01
-5.311782956123352051e-01
-1.386304020881652832e+00
6.199314594268798828e-01
1.262038588523864746e+00
-5.883888602256774902e-01
1.109054684638977051e-02
-1.095381617546081543e+00
-1.438203454017639160e+00
1.061344265937805176e+00
-3.494028151035308838e-01
1.964224725961685181e-01
-1.336874514818191528e-01
2.683156132698059082e-01
-5.749315023422241211e-02
-4.125509858131408691e-01
-8.324180841445922852e-01
7.072166800498962402e-01
8.947759866714477539e-01
-8.676997423171997070e-01
-6.261233985424041748e-02
1.259738206863403320e+00
7.672195434570312500e-01
7.283034920692443848e-01
1.223809599876403809e+00
6.028632521629333496e-01
7.995246648788452148e-01
-5.748561620712280273e-01
-7.948743104934692383e-01
-9.903486967086791992e-01
1.683021038770675659e-01
4.040256142616271973e-01
-9.677647352218627930e-01
-8.737854361534118652e-01
1.966748088598251343e-01
-9.432123601436614990e-02
-8.069946169853210449e-01
1.650355458259582520e+00
-9.188150614500045776e-02
-1.263220429420471191e+00
-5.511718988418579102e-01
-6.048154234886169434e-01
1.882461905479431152e+00
-5.674405097961425781e-01
3.408727645874023438e-01
-5.584593415260314941e-01
-5.747501254081726074e-01
1.215230822563171387e+00
-1.059434890747070312e+00
-6.653541326522827148e-01
-1.152495503425598145e+00
-6.900917887687683105e-01
2.814500927925109863e-01
-1.049439311027526855e+00
2.642811536788940430e-01
-3.006240725517272949e-02
5.520360469818115234e-01
1.167397022247314453e+00
2.276797592639923096e-01
1.389896512031555176e+00
-9.218930006027221680e-01
-9.497214108705520630e-02
-1.416941523551940918e+00
2.993825078010559082e-01
-8.939626812934875488e-01
9.443378448486328125e-01
9.943066239356994629e-01
8.898336440324783325e-02
5.340067148208618164e-01
-5.930445194244384766e-01
-1.586894512176513672e+00
9.373753070831298828e-01
-1.284869074821472168e+00
3.664506971836090088e-01
-7.540242373943328857e-02
6.834166496992111206e-02
-2.880703806877136230e-01
-6.116519570350646973e-01
5.770487189292907715e-01
-3.555025160312652588e-02
1.478293418884277344e+00
-1.337755322456359863e+00
9.955452680587768555e-01
7.405532598495483398e-01
-6.579875946044921875e-02
8.162044286727905273e-01
9.262230396270751953e-01
-1.515979766845703125e+00
-5.298231244087219238e-01
-1.517524003982543945e+00
8.238258957862854004e-01
-2.627815604209899902e-01
1.461954712867736816e-01
8.194339275360107422e-01
4.323070347309112549e-01
-1.273345708847045898e+00
1.484377861022949219e+00
1.294817686080932617e+00
-1.877459764480590820e+00
4.492871761322021484e-01
2.228806018829345703e-01
-3.199090063571929932e-01
-3.543363809585571289e-01
-7.547392845153808594e-01
-3.862850368022918701e-02
-4.245499968528747559e-01
-1.717566996812820435e-01
-1.023780107498168945e+00
-9.914709925651550293e-01
-9.611949920654296875e-01
-2.477301597595214844e+00
-2.943226397037506104e-01
-1.815156221389770508e+00
1.639809608459472656e+00
-6.955097913742065430e-01
-3.902072906494140625e-01
1.570917069911956787e-01
-1.220110416412353516e+00
1.140404939651489258e+00
1.766575813293457031e+00
1.352892756462097168e+00
2.446077346801757812e+00
-5.337021946907043457e-01
8.598181605339050293e-01
-2.321317344903945923e-01
6.368399858474731445e-01
-1.651895165443420410e+00
9.109358787536621094e-01
-4.018608927726745605e-01
-3.123551011085510254e-01
-4.641861021518707275e-01
1.614835113286972046e-01
7.351281642913818359e-01
-1.042062193155288696e-01
-7.154184579849243164e-01
-7.110668420791625977e-01
1.699417114257812500e+00
-1.939673274755477905e-01
4.760202765464782715e-01
6.306197047233581543e-01
-2.920097708702087402e-01
-7.828377485275268555e-01
4.597505033016204834e-01
-5.878800153732299805e-01
3.691392242908477783e-01
1.254637360572814941e+00
5.640149116516113281e-01
4.209425449371337891e-01
2.423270642757415771e-01
5.581993609666824341e-02
9.739987850189208984e-01
1.563824266195297241e-01
-6.448174715042114258e-01
8.520559072494506836e-01
-4.545415639877319336e-01
-9.894765615463256836e-01
1.018723130226135254e+00
-1.281103193759918213e-01
1.811780035495758057e-02
-1.898033767938613892e-01
-5.906059741973876953e-01
-4.095267355442047119e-01
3.054082989692687988e-01
-2.926524877548217773e-01
-7.938445806503295898e-01
-5.599363446235656738e-01
9.431576728820800781e-01
7.529870867729187012e-01
-1.139318466186523438e+00
1.571924686431884766e+00
-1.054426506161689758e-01
5.614461898803710938e-01
-2.421239614486694336e-01
-1.381801366806030273e+00
-9.988813996315002441e-01
-2.206355333328247070e+00
8.697222471237182617e-01
-1.763980686664581299e-01
-5.261154174804687500e-01
-2.353308677673339844e+00
-1.148181915283203125e+00
-2.783920288085937500e+00
-7.806221246719360352e-01
3.699734807014465332e-01
-3.967748284339904785e-01
-3.266157507896423340e-01
1.041795253753662109e+00
7.780786752700805664e-01
8.954447507858276367e-01
1.125714778900146484e+00
-1.114519238471984863e+00
-3.799831867218017578e-01
-5.623728036880493164e-01
