1.403397470712661743e-01
7.369177341461181641e-01
-1.329538226127624512e-02
1.642805576324462891e+00
1.113970354199409485e-01
-2.074973821640014648e+00
5.158781409263610840e-01
9.563656449317932129e-01
-5.193548202514648438e-01
4.766473472118377686e-01
-1.712336778640747070e+00
3.159236609935760498e-01
-1.363825082778930664e+00
-6.216974258422851562e-01
-1.757658720016479492e-01
1.855309486389160156e+00
-3.607503473758697510e-01
5.456767678260803223e-01
-1.119573354721069336e+00
-1.451180875301361084e-01
9.545795917510986328e-01
9.862874746322631836e-01
-5.840236544609069824e-01
-6.882748007774353027e-01
-1.955435395240783691e+00
8.428876101970672607e-02
1.230332851409912109e+00
-2.430088281631469727e+00
1.793914586305618286e-01
2.133266478776931763e-01
2.294022798538208008e+00
4.304285347461700439e-02
1.224653422832489014e-01
-1.499114513397216797e+00
2.852222621440887451e-01
4.128116965293884277e-01
-1.600716114044189453e+00
7.169954478740692139e-02
-8.704122304916381836e-01
1.008075922727584839e-01
-6.725755333900451660e-01
-6.093201637268066406e-01
-4.513430893421173096e-01
-1.258557200431823730e+00
6.375267505645751953e-01
5.184361934661865234e-01
1.310367584228515625e+00
7.585929632186889648e-01
-1.180955767631530762e+00
9.591720104217529297e-01
-1.004124879837036133e+00
-4.684521853923797607e-01
7.129249572753906250e-01
2.060119807720184326e-01
5.052855014801025391e-01
1.090019941329956055e+00
-3.600247204303741455e-02
-7.319499850273132324e-01
3.583342432975769043e-01
-5.763882994651794434e-01
-1.048354506492614746e+00
3.588664531707763672e-02
-1.262225389480590820e+00
-6.416454911231994629e-01
8.492463827133178711e-01
-4.674184620380401611e-01
6.533809751272201538e-02
-1.582351326942443848e-01
-9.098275899887084961e-01
-4.152893424034118652e-01
-8.828480243682861328e-01
-1.216652154922485352e+00
-7.778348028659820557e-02
-1.438415408134460449e+00
9.566538780927658081e-02
-1.015251636505126953e+00
2.159911543130874634e-01
-2.810153067111968994e-01
1.276034832000732422e+00
1.159276962280273438e+00
-3.176065683364868164e-01
-5.590652674436569214e-02
3.339505195617675781e-01
-1.084419041872024536e-01
8.440823554992675781e-01
1.456105709075927734e-02
2.335196286439895630e-01
-1.148142367601394653e-01
1.325680136680603027e+00
-7.426735758781433105e-01
1.091840624809265137e+00
1.256368756294250488e+00
-3.553383797407150269e-02
-1.380679368972778320e+00
-1.892620325088500977e+00
4.919531047344207764e-01
7.236036062240600586e-01
4.424374997615814209e-01
-1.972860455513000488e+00
1.177919507026672363e+00
6.198965013027191162e-03
1.373396873474121094e+00
-1.209229707717895508e+00
-1.201890826225280762e+00
6.108783185482025146e-03
-5.537683963775634766e-01
-4.621453583240509033e-03
1.263014078140258789e+00
9.733484983444213867e-01
1.492130994796752930e+00
1.056456089019775391e+00
4.912036359310150146e-01
-5.175937414169311523e-01
-5.901685357093811035e-02
1.905633449554443359e+00
-4.700656831264495850e-01
-7.589265108108520508e-01
2.568852603435516357e-01
-2.089181840419769287e-01
2.458160370588302612e-01
1.395544528961181641e+00
1.258960366249084473e-01
-4.228877127170562744e-01
-1.332351565361022949e+00
1.346130013465881348e+00
1.345899403095245361e-01
4.683282971382141113e-01
-3.933827280998229980e-01
3.708966672420501709e-01
7.608596086502075195e-01
-7.763332128524780273e-01
-1.121537983417510986e-01
1.961862325668334961e+00
2.012934923171997070e+00
-7.887612283229827881e-02
-1.798465728759765625e+00
2.891839027404785156e+00
-1.284747004508972168e+00
1.329988479614257812e+00
-2.861968874931335449e-01
3.681477904319763184e-01
9.678680896759033203e-01
1.882763803005218506e-01
-1.938047409057617188e+00
1.412236690521240234e+00
1.735905706882476807e-01
4.568722248077392578e-01
-8.834286928176879883e-01
-1.941692471504211426e+00
3.133379518985748291e-01
2.284617185592651367e+00
1.105025053024291992e+00
1.216227039694786072e-01
-2.426027536392211914e+00
-4.630297422409057617e-03
-7.840834856033325195e-01
3.570447564125061035e-01
-9.884108901023864746e-01
-5.640072822570800781e-01
1.197876334190368652e-01
-2.605931758880615234e-01
-1.625202745199203491e-01
-1.113916039466857910e+00
5.969824790954589844e-01
-8.761537075042724609e-01
-8.062039315700531006e-02
4.706764817237854004e-01
1.081637024879455566e+00
1.522406458854675293e+00
1.383083462715148926e+00
9.742099046707153320e-02
5.957651734352111816e-01
-6.659319400787353516e-01
8.166666030883789062e-01
-2.128024697303771973e-01
5.737197399139404297e-01
1.764755964279174805e+00
-1.017000079154968262e-01
-3.424226641654968262e-01
3.561181724071502686e-01
7.385380864143371582e-01
2.384975552558898926e-01
-6.405644416809082031e-01
-6.235054135322570801e-02
3.233460187911987305e-01
6.025513261556625366e-02
4.748266041278839111e-01
9.701971709728240967e-02
4.054933190345764160e-01
2.264666259288787842e-01
8.544963002204895020e-01
1.984713226556777954e-02
4.527497291564941406e-01
3.972557187080383301e-02
-3.160863220691680908e-01
-5.481443554162979126e-02
1.580218553543090820e+00
-4.802406430244445801e-01
-5.255928635597229004e-01
3.139621317386627197e-01
-6.945723891258239746e-01
3.464596271514892578e-01
3.030054271221160889e-01
-4.621659517288208008e-01
-1.005142927169799805e+00
-9.053671956062316895e-01
8.189624547958374023e-02
-4.855863749980926514e-01
1.113129734992980957e+00
2.369952917098999023e+00
-1.323349177837371826e-01
-2.243115663528442383e+00
-9.654023051261901855e-01
-2.754355430603027344e+00
-8.877954483032226562e-01
-9.571390599012374878e-02
-4.194955229759216309e-01
-1.379758238792419434e+00
1.116283297538757324e+00
-9.981288015842437744e-02
1.103464603424072266e+00
2.479140043258666992e+00
-3.124133348464965820e-01
-7.005196213722229004e-01
-4.292226433753967285e-01
8.264766633510589600e-02
8.057588338851928711e-01
-6.796292066574096680e-01
3.902742266654968262e-01
-5.714984238147735596e-02
-1.679197847843170166e-01
5.051020979881286621e-01
6.821691393852233887e-01
3.012202680110931396e-01
-1.522801637649536133e+00
-2.721942067146301270e-01
-9.575089067220687866e-02
5.010303109884262085e-02
-1.475700020790100098e+00
1.080586552619934082e+00
2.654739022254943848e-01
2.055095672607421875e+00
-1.009848356246948242e+00
2.650072872638702393e-01
6.640330553054809570e-01
-6.288006156682968140e-02
-1.244274750351905823e-01
1.622337698936462402e+00
-6.271135807037353516e-01
-1.765505552291870117e+00
4.201877415180206299e-01
8.253739029169082642e-02
3.514210581779479980e-01
5.922073721885681152e-01
6.359623074531555176e-01
-1.475552916526794434e+00
-1.761543154716491699e-01
-6.978256106376647949e-01
-1.734437108039855957e+00
1.373813003301620483e-01
1.318578124046325684e+00
-1.402804069221019745e-02
2.936609387397766113e-01
3.242005109786987305e-01
-8.063772916793823242e-01
-1.337097287178039551e-01
3.274104893207550049e-01
-7.460701465606689453e-02
4.327507317066192627e-01
2.779509425163269043e-01
2.165919095277786255e-01
-1.529023528099060059e+00
2.738276124000549316e-01
1.803369075059890747e-01
1.136970072984695435e-01
-4.352555871009826660e-01
4.943626523017883301e-01
-6.228618621826171875e-01
1.308935642242431641e+00
7.756243646144866943e-02
-4.596611559391021729e-01
-3.193312406539916992e+00
9.496613144874572754e-01
1.400163292884826660e+00
1.807900786399841309e+00
1.966312527656555176e-02
1.073420166969299316e+00
2.310634613037109375e+00
5.341221690177917480e-01
-1.633878797292709351e-02
1.219819307327270508e+00
7.636973261833190918e-01
2.075597345829010010e-01
2.266182601451873779e-01
-1.758094549179077148e+00
5.109630227088928223e-01
1.034816652536392212e-01
-7.508524060249328613e-01
-5.161848664283752441e-01
6.435823440551757812e-01
1.316279649734497070e+00
4.434122443199157715e-01
-1.238404035568237305e+00
9.673923850059509277e-01
-1.320497274398803711e+00
2.065144062042236328e+00
-4.390314221382141113e-02
7.684524059295654297e-01
1.064331769943237305e+00
4.992926120758056641e-02
-1.641574859619140625e+00
-1.467641472816467285e+00
2.945995926856994629e-01
1.770283460617065430e+00
1.255577355623245239e-01
4.226633906364440918e-01
9.632334709167480469e-01
-6.465128660202026367e-01
-1.140436291694641113e+00
-6.796048283576965332e-01
9.559808671474456787e-02
-1.563589692115783691e+00
3.832672238349914551e-01
-1.153578877449035645e+00
-3.167762756347656250e-01
-2.336424589157104492e-01
-1.388002336025238037e-01
8.384402096271514893e-02
9.312753677368164062e-01
-1.180582761764526367e+00
-6.792899370193481445e-01
1.326380729675292969e+00
7.441328167915344238e-01
8.527637124061584473e-01
-1.339518189430236816e+00
-3.106200098991394043e-01
-3.831402063369750977e-01
8.832084536552429199e-01
-5.859652757644653320e-01
3.282995522022247314e-01
1.286382675170898438e+00
2.134917378425598145e-01
-9.013537764549255371e-01
-3.903497457504272461e-01
-1.255087852478027344e-01
3.788924217224121094e-01
8.212774991989135742e-05
-7.430534958839416504e-01
-6.118525862693786621e-01
4.590196609497070312e-01
1.320246160030364990e-01
-9.742024540901184082e-02
-2.073563337326049805e+00
-6.375064700841903687e-02
-5.281804203987121582e-01
-1.384853363037109375e+00
8.563929200172424316e-01
5.129732489585876465e-01
3.957974314689636230e-01
-1.912068605422973633e+00
-1.180543541908264160e+00
4.921279549598693848e-01
2.144921422004699707e-01
4.966985285282135010e-01
-2.371376901865005493e-01
1.625705718994140625e+00
7.079721689224243164e-01
-2.158762454986572266e+00
1.300245523452758789e-02
-9.631684422492980957e-01
-1.593711823225021362e-01
1.260755777359008789e+00
-9.607481360435485840e-01
-1.544542014598846436e-01
-5.880631506443023682e-02
6.423651576042175293e-01
5.006743669509887695e-01
1.589555740356445312e+00
1.264830231666564941e-01
-7.796327471733093262e-01
-7.797557860612869263e-02
-5.637568235397338867e-01
8.391137123107910156e-01
-5.545319914817810059e-01
1.113726735115051270e+00
5.559447407722473145e-01
2.218444585800170898e+00
7.031562328338623047e-01
9.100437760353088379e-01
-3.971972167491912842e-01
4.846550226211547852e-01
-1.601794481277465820e+00
4.538346230983734131e-01
-9.358940720558166504e-01
-9.583204388618469238e-01
5.002123713493347168e-01
1.030012607574462891e+00
2.409977167844772339e-01
-1.007873535156250000e+00
1.351369261741638184e+00
-1.546228975057601929e-01
1.099140167236328125e+00
7.827194929122924805e-01
-9.429076910018920898e-01
1.617769896984100342e-02
1.344169497489929199e+00
-7.738676071166992188e-01
-8.756552338600158691e-01
-1.586443185806274414e+00
-9.467394351959228516e-01
8.199395537376403809e-01
1.004309773445129395e+00
4.234566986560821533e-01
-1.471430778503417969e+00
-1.812805235385894775e-02
4.253143370151519775e-01
4.481152892112731934e-01
-1.374481558799743652e+00
-1.919696331024169922e-01
-1.354012340307235718e-01
2.541795074939727783e-01
-1.613853573799133301e-01
-7.376636862754821777e-01
-6.094766259193420410e-01
-2.904885411262512207e-01
4.908574223518371582e-01
-6.162462234497070312e-01
-6.348080635070800781e-01
1.891570091247558594e-01
-4.637433290481567383e-01
2.024835348129272461e+00
-1.360550999641418457e+00
-4.049651026725769043e-01
-6.556905806064605713e-02
1.102146506309509277e+00
-1.072481870651245117e-01
-5.932882428169250488e-01
1.856905341148376465e+00
1.632668495178222656e+00
7.863532304763793945e-01
3.844631314277648926e-01
-9.395668655633926392e-02
1.473425388336181641e+00
-2.413015216588973999e-01
6.713984012603759766e-01
-9.062802195549011230e-01
4.101413786411285400e-01
-1.397399067878723145e+00
6.397787332534790039e-01
4.805555939674377441e-02
2.663658857345581055e-01
-4.921664297580718994e-02
-4.474774301052093506e-01
6.383387446403503418e-01
-5.342407226562500000e-01
2.732240557670593262e-01
-4.659521281719207764e-01
-5.646923184394836426e-01
1.376182913780212402e+00
5.005846023559570312e-01
-2.207409143447875977e+00
2.182942330837249756e-01
-5.040268898010253906e-01
1.070665955543518066e+00
1.326942324638366699e+00
1.561875939369201660e+00
-6.096096038818359375e-01
1.422840356826782227e-01
4.086502790451049805e-01
2.583677470684051514e-01
7.083636522293090820e-01
-5.533717945218086243e-02
1.007238626480102539e+00
3.889433145523071289e-01
2.543962001800537109e-01
7.920211553573608398e-02
-7.777021080255508423e-02
-6.945317238569259644e-02
-8.394291400909423828e-01
4.006778448820114136e-02
-5.976030826568603516e-01
-3.034783899784088135e-02
-4.560748338699340820e-01
-2.458260208368301392e-01
-8.500385880470275879e-01
-2.149693481624126434e-02
2.318114042282104492e+00
-2.646270394325256348e-01
7.378020286560058594e-01
6.867176890373229980e-01
4.895431995391845703e-01
-9.883142709732055664e-01
4.088420420885086060e-02
-1.859993189573287964e-01
-2.714749574661254883e-01
1.056705713272094727e+00
2.321988344192504883e-01
-1.219689130783081055e+00
-1.080891132354736328e+00
-1.165347695350646973e+00
-1.119309663772583008e+00
-2.542255818843841553e-01
-6.563384085893630981e-03
-1.693376660346984863e+00
-3.895736932754516602e-01
8.079646825790405273e-01
1.678728759288787842e-01
-5.628659203648567200e-02
6.976292002946138382e-03
-9.311189055442810059e-01
-1.016572237014770508e+00
-9.799309968948364258e-01
