1.897462010383605957e-01
9.312199354171752930e-01
8.812872767448425293e-01
-1.034302949905395508e+00
9.624607563018798828e-01
-5.500488281250000000e-01
-9.615717530250549316e-01
-2.147645652294158936e-01
-3.094044923782348633e-01
-3.431154489517211914e-01
-2.590124309062957764e-01
-9.873921871185302734e-01
-1.160062551498413086e+00
-7.566710710525512695e-01
-1.731884479522705078e-01
5.516210794448852539e-01
4.451432731002569199e-03
2.816571295261383057e-01
-1.300267130136489868e-01
9.378474354743957520e-01
1.100640416145324707e+00
-2.289304882287979126e-01
-8.597690463066101074e-01
-1.314139723777770996e+00
-9.583448171615600586e-01
-2.152999341487884521e-01
6.647441983222961426e-01
-8.969355225563049316e-01
-1.339697837829589844e-01
9.788671731948852539e-01
1.667328953742980957e+00
-1.587001383304595947e-01
8.813244700431823730e-01
4.175475239753723145e-01
7.823248505592346191e-01
-7.359679341316223145e-01
-5.605639219284057617e-01
-3.433599770069122314e-01
-5.225905179977416992e-01
-3.142376840114593506e-01
4.547606110572814941e-01
-9.636229276657104492e-01
3.055820465087890625e-01
-7.967394590377807617e-01
1.437787264585494995e-01
-4.888178110122680664e-01
1.081975221633911133e+00
1.461529254913330078e+00
-2.524256467819213867e+00
1.136854410171508789e+00
-3.871478140354156494e-01
-3.307754397392272949e-01
6.748461723327636719e-02
1.038269877433776855e+00
1.144265979528427124e-01
-8.142177462577819824e-01
-4.816848039627075195e-01
5.326327085494995117e-01
-3.065051436424255371e-01
1.825475543737411499e-01
-6.960704326629638672e-01
-4.087630212306976318e-01
-4.314870834350585938e-01
-1.271172285079956055e+00
1.893466114997863770e+00
-1.637578755617141724e-01
-4.538637995719909668e-01
-1.265561580657958984e-01
6.886702775955200195e-02
-1.986613154411315918e+00
8.310490250587463379e-01
-1.887917757034301758e+00
-2.265956252813339233e-01
-1.595227837562561035e+00
4.020145535469055176e-02
-1.029414057731628418e+00
6.463176012039184570e-01
-7.161899805068969727e-01
6.365501880645751953e-01
1.737596035003662109e+00
2.802363932132720947e-01
-4.818101525306701660e-01
8.366392254829406738e-01
-2.622258067131042480e-01
-7.502561062574386597e-02
-3.619353175163269043e-01
1.431537419557571411e-01
2.230174690485000610e-01
-1.908605359494686127e-02
-1.378798365592956543e+00
-9.014519453048706055e-01
1.400369882583618164e+00
-1.007431522011756897e-01
6.013714075088500977e-01
-1.202328681945800781e+00
-8.581824898719787598e-01
3.985503315925598145e-01
-5.579185485839843750e-01
-1.939247012138366699e+00
4.433059394359588623e-01
3.489667177200317383e-01
-3.244445919990539551e-01
-9.536996483802795410e-02
-4.951976835727691650e-01
-3.417429625988006592e-01
-7.633324861526489258e-01
-1.963242739439010620e-01
8.683550357818603516e-01
7.164964079856872559e-01
3.097293376922607422e-01
1.323441147804260254e+00
1.384894698858261108e-01
-1.309724807739257812e+00
4.205849170684814453e-01
1.296642541885375977e+00
-1.132540225982666016e+00
-1.664924740791320801e+00
4.623598158359527588e-01
-2.227672934532165527e-01
-4.669234901666641235e-02
-4.322683513164520264e-01
-4.120202362537384033e-02
-3.113941550254821777e-01
-1.124500155448913574e+00
1.803855776786804199e+00
5.155382752418518066e-01
1.481026560068130493e-01
1.016140937805175781e+00
5.631240606307983398e-01
2.040793001651763916e-02
-1.270532488822937012e+00
6.321480274200439453e-01
3.092257380485534668e-01
2.172597408294677734e+00
4.863695502281188965e-01
-2.032031059265136719e+00
2.475979804992675781e+00
-1.039696693420410156e+00
-1.436578631401062012e-01
-2.340739220380783081e-01
1.498299360275268555e+00
1.704119086265563965e+00
6.752029657363891602e-01
-6.756997704505920410e-01
1.539544582366943359e+00
1.064032316207885742e+00
8.751549720764160156e-01
-2.655601024627685547e+00
1.751707196235656738e-01
2.531706094741821289e-01
2.180825471878051758e+00
-1.376426517963409424e-01
-4.287633597850799561e-01
-2.271814107894897461e+00
-1.459911316633224487e-01
1.868245750665664673e-02
6.418244838714599609e-01
4.171647131443023682e-02
-1.430266380310058594e+00
-6.455839276313781738e-01
7.222763299942016602e-01
1.256769597530364990e-01
4.831206500530242920e-01
5.111933350563049316e-01
-1.246552467346191406e+00
2.085442543029785156e-01
9.844919443130493164e-01
-1.228429555892944336e+00
9.547498226165771484e-01
1.413694143295288086e+00
-1.704363822937011719e+00
1.112660884857177734e+00
6.241268515586853027e-01
7.459886670112609863e-01
-7.974678277969360352e-01
-7.594044208526611328e-01
3.049803376197814941e-01
5.270213484764099121e-01
-7.551141977310180664e-01
3.286992311477661133e-01
1.271972179412841797e+00
-1.487065702676773071e-01
1.999348104000091553e-01
-1.341322541236877441e+00
2.800832092761993408e-01
3.818150758743286133e-01
-9.719473719596862793e-01
-8.310151845216751099e-02
8.538897037506103516e-01
-9.343866705894470215e-01
7.522533535957336426e-01
-6.045666337013244629e-02
2.647397220134735107e-01
-5.088711380958557129e-01
4.217761754989624023e-02
-6.160086393356323242e-01
1.992940783500671387e+00
-3.770557940006256104e-01
-3.303403854370117188e-01
5.943516492843627930e-01
-2.106508970260620117e+00
-8.440408110618591309e-02
-2.323616445064544678e-01
-1.139256834983825684e+00
-6.404774188995361328e-01
-6.073522195219993591e-02
-1.204111695289611816e+00
-5.925233662128448486e-02
1.020174026489257812e+00
8.968545794486999512e-01
-1.214921623468399048e-01
-1.017771363258361816e+00
-1.028558492660522461e+00
-1.646633863449096680e+00
-7.745021581649780273e-01
-2.873872816562652588e-01
-4.072024673223495483e-02
-1.757023692131042480e+00
2.671411931514739990e-01
1.965672969818115234e-01
7.665267586708068848e-01
2.219665050506591797e+00
-9.067828059196472168e-01
-8.396054506301879883e-01
-4.264608621597290039e-01
3.622453212738037109e-01
1.085699871182441711e-01
5.423610210418701172e-01
-4.809633493423461914e-01
7.639781832695007324e-01
-1.012425541877746582e+00
4.973203241825103760e-01
3.900452852249145508e-01
-1.673458516597747803e-02
9.220608323812484741e-02
-7.265271544456481934e-01
-5.439370870590209961e-01
-1.655247658491134644e-01
-1.876387149095535278e-01
4.063976705074310303e-01
1.286858558654785156e+00
8.558038473129272461e-01
-3.267889022827148438e-01
4.074437916278839111e-01
5.384801626205444336e-01
8.484233617782592773e-01
-6.891736984252929688e-01
1.329664468765258789e+00
-8.945066928863525391e-01
-7.880488038063049316e-01
-1.701180338859558105e-01
1.450387954711914062e+00
-8.893074095249176025e-02
1.319594621658325195e+00
3.078230619430541992e-01
-4.184083938598632812e-01
-1.860694885253906250e-01
-1.217208623886108398e+00
2.897153794765472412e-01
4.532586038112640381e-01
1.110976696014404297e+00
9.684246778488159180e-02
1.198331594467163086e+00
7.008387446403503418e-01
-5.572879314422607422e-01
7.983050346374511719e-01
1.318567514419555664e+00
-3.726636469364166260e-01
1.128002166748046875e+00
-6.553022861480712891e-01
1.078101754188537598e+00
-1.385576963424682617e+00
-3.776307106018066406e-01
1.754582375288009644e-01
3.746992051601409912e-01
-1.817845463752746582e+00
1.550388932228088379e+00
-1.770950555801391602e+00
1.667703509330749512e+00
-6.640447378158569336e-01
1.057237982749938965e+00
-1.909901380538940430e+00
1.730261296033859253e-01
7.779412269592285156e-01
7.596983909606933594e-01
1.701416015625000000e+00
1.698231101036071777e+00
9.796348810195922852e-01
6.659175157546997070e-01
-5.128933191299438477e-01
1.716155409812927246e-01
5.601128935813903809e-01
3.074652552604675293e-01
-4.259246960282325745e-02
-9.769336581230163574e-01
1.830466240644454956e-01
2.962672412395477295e-01
-8.175231218338012695e-01
-6.052214503288269043e-01
2.349667102098464966e-01
1.850457549095153809e+00
-4.895317852497100830e-01
4.341697990894317627e-01
1.512151002883911133e+00
-1.066778182983398438e+00
-1.952297054231166840e-02
8.685444593429565430e-01
6.849821209907531738e-01
2.009156942367553711e-01
1.087570905685424805e+00
2.541987597942352295e-01
-5.124242305755615234e-01
5.979242920875549316e-01
1.088675975799560547e+00
-6.398510187864303589e-02
4.143046140670776367e-01
6.965999007225036621e-01
-4.291604161262512207e-01
-7.154456973075866699e-01
-5.023311376571655273e-01
7.162823677062988281e-01
-1.648533463478088379e+00
1.147282838821411133e+00
1.360672473907470703e+00
-1.604163050651550293e-01
-1.023637413978576660e+00
5.521602928638458252e-03
-1.352617383003234863e+00
1.219133853912353516e+00
-6.051285862922668457e-01
-3.897506594657897949e-01
5.413613319396972656e-01
1.595638990402221680e+00
-3.177672922611236572e-01
-8.112358450889587402e-01
-1.312169194221496582e+00
1.358370184898376465e+00
4.363397061824798584e-01
1.231125891208648682e-01
3.334310352802276611e-01
9.717994332313537598e-01
-1.107352375984191895e+00
1.172590404748916626e-01
3.389518260955810547e-01
9.547823667526245117e-02
-1.480134949088096619e-02
-1.466839909553527832e+00
-5.225012302398681641e-01
-1.408520102500915527e+00
-2.450491487979888916e-02
-5.283563733100891113e-01
-8.793928623199462891e-01
-1.213554620742797852e+00
-2.803229987621307373e-01
-8.464055657386779785e-01
-2.644362747669219971e-01
9.563035368919372559e-01
-3.074755966663360596e-01
-1.115372300148010254e+00
-2.393912315368652344e+00
-1.135172486305236816e+00
-1.992878466844558716e-01
-2.790863215923309326e-01
-2.584954202175140381e-01
6.612123847007751465e-01
1.174483299255371094e+00
1.513637661933898926e+00
-1.387062549591064453e+00
8.734874725341796875e-01
-1.121535658836364746e+00
4.257543683052062988e-01
3.727042675018310547e-01
-6.996123194694519043e-01
1.520811319351196289e+00
-1.048170566558837891e+00
-2.692860364913940430e-01
5.780117511749267578e-01
-6.725344061851501465e-01
-2.920952439308166504e-01
-1.139792427420616150e-02
8.537343144416809082e-01
-4.737963378429412842e-01
9.553730487823486328e-01
-7.030022144317626953e-01
3.323771953582763672e-01
-8.408641219139099121e-01
9.623143672943115234e-01
3.271456658840179443e-01
-2.753793597221374512e-01
-9.413846731185913086e-01
7.980157732963562012e-01
-1.025254130363464355e-01
-5.196501016616821289e-01
-5.416389107704162598e-01
-4.380069971084594727e-01
3.394606411457061768e-01
1.364775449037551880e-01
4.946305155754089355e-01
1.875997185707092285e-01
1.983633637428283691e+00
-7.027086019515991211e-01
-1.552759706974029541e-01
1.225510358810424805e+00
-3.267364203929901123e-01
6.914148330688476562e-01
7.785518169403076172e-01
-7.127664089202880859e-01
-4.049753844738006592e-01
-1.705161809921264648e+00
1.089056849479675293e+00
-7.814331352710723877e-02
6.694795191287994385e-02
-7.206652164459228516e-01
-4.038985073566436768e-01
-2.941893637180328369e-01
1.401090621948242188e+00
1.351059436798095703e+00
-2.747001409530639648e+00
-1.557735919952392578e+00
-2.426878064870834351e-01
4.837501049041748047e-02
1.066211462020874023e+00
-3.278663456439971924e-01
9.673007130622863770e-01
5.663815140724182129e-01
4.457531571388244629e-01
-1.902866244316101074e+00
-1.723386794328689575e-01
6.803209781646728516e-01
-1.477359533309936523e-01
6.978839039802551270e-01
-4.995661973953247070e-01
2.415752112865447998e-01
6.119561791419982910e-01
-4.766680002212524414e-01
-5.735689401626586914e-01
-1.296573400497436523e+00
-6.269964575767517090e-02
1.826630592346191406e+00
-3.292645215988159180e-01
2.044894248247146606e-01
1.049334168434143066e+00
2.080918788909912109e+00
-4.282216429710388184e-01
2.681554853916168213e-01
-1.217462301254272461e+00
7.396575212478637695e-01
-1.600736141204833984e+00
2.587384283542633057e-01
-1.406737118959426880e-01
4.857765436172485352e-01
7.948631048202514648e-01
2.094862222671508789e+00
-1.144729778170585632e-01
-1.433538079261779785e+00
4.873175323009490967e-01
-1.071863770484924316e+00
3.757559657096862793e-01
1.233085393905639648e+00
-8.967205286026000977e-01
-4.725576639175415039e-01
9.958527237176895142e-02
-4.647414088249206543e-01
1.717900514602661133e+00
2.535928487777709961e+00
3.013628721237182617e-01
9.424024820327758789e-02
2.163100540637969971e-01
2.984199225902557373e-01
-8.043727874755859375e-01
2.277666330337524414e-01
-6.827384233474731445e-01
6.090402603149414062e-01
-1.177577257156372070e+00
-2.599168419837951660e-01
8.169910907745361328e-01
-9.739008545875549316e-01
4.330619424581527710e-02
6.629549264907836914e-01
-1.366171836853027344e-01
-4.362607300281524658e-01
4.817447066307067871e-01
-6.190400123596191406e-01
-5.172132849693298340e-01
-1.246558070182800293e+00
-1.421844959259033203e+00
1.731325626373291016e+00
-1.106238216161727905e-01
8.048427104949951172e-01
-4.532075524330139160e-01
9.749952554702758789e-01
6.067392826080322266e-01
-2.067141771316528320e+00
-4.763342812657356262e-02
-7.003270983695983887e-01
1.532955169677734375e+00
2.403726875782012939e-01
3.394988179206848145e-02
-1.399244189262390137e+00
-8.358866572380065918e-01
-9.500131011009216309e-01
-2.593754529953002930e-01
-1.059144973754882812e+00
-1.243996739387512207e+00
-8.518878221511840820e-01
4.031086266040802002e-01
5.923224687576293945e-01
3.041003346443176270e-01
-8.344024419784545898e-01
2.217093706130981445e-01
1.376468837261199951e-01
-6.642390489578247070e-01
