2.645094871520996094e+00
-1.103016257286071777e+00
-1.089884042739868164e+00
4.602614045143127441e-01
2.274991750717163086e+00
-6.513007879257202148e-01
-7.115842103958129883e-01
7.685802578926086426e-01
-8.801162838935852051e-01
-5.323038250207901001e-02
5.124167203903198242e-01
1.081226229667663574e+00
9.562793970108032227e-01
2.510966956615447998e-01
-2.229925394058227539e-01
-3.148934841156005859e-01
-2.600374221801757812e-01
4.838700890541076660e-01
-1.995417475700378418e-02
-2.560276389122009277e-01
-7.179057002067565918e-01
1.426230192184448242e+00
-1.867027580738067627e-01
-9.629099071025848389e-02
-9.237210750579833984e-01
-3.637203574180603027e-01
6.242286562919616699e-01
-1.408962249755859375e+00
1.184333443641662598e+00
-4.571366012096405029e-01
4.798470139503479004e-01
3.621473908424377441e-01
-3.466132879257202148e-01
6.970361471176147461e-01
-5.203569531440734863e-01
9.859225153923034668e-01
-1.624306738376617432e-01
4.375580251216888428e-01
6.138975620269775391e-01
5.718065500259399414e-01
4.677066206932067871e-01
-8.563028573989868164e-01
2.250502407550811768e-01
-7.163873910903930664e-01
1.782535791397094727e+00
1.616556048393249512e-01
-3.315293192863464355e-01
-2.328482568264007568e-01
-3.180660307407379150e-02
-1.433192968368530273e+00
9.928035736083984375e-02
-3.686207830905914307e-01
-1.667743444442749023e+00
5.554322600364685059e-01
5.285234451293945312e-01
5.395762324333190918e-01
-1.155275225639343262e+00
6.974764168262481689e-02
6.761714220046997070e-01
-1.431795239448547363e+00
-3.261881172657012939e-01
-1.658060789108276367e+00
1.242525100708007812e+00
-4.125720262527465820e-01
-3.506650030612945557e-01
-1.009535908699035645e+00
1.148726493120193481e-01
1.594236940145492554e-01
1.027117490768432617e+00
-2.413139194250106812e-01
7.442186474800109863e-01
-1.023976087570190430e+00
-9.640766382217407227e-01
1.694810390472412109e-01
7.017344236373901367e-02
-1.337847709655761719e+00
-4.933745265007019043e-01
-1.881912201642990112e-01
1.414969921112060547e+00
-1.925165057182312012e+00
-9.519521594047546387e-01
5.582213997840881348e-01
-3.955010771751403809e-01
1.471109151840209961e+00
1.185731172561645508e+00
8.820220828056335449e-01
-8.826402425765991211e-01
2.718961536884307861e-01
-1.939369440078735352e-01
-1.405059337615966797e+00
1.927088797092437744e-01
5.657453536987304688e-01
-2.932462990283966064e-01
-7.154703140258789062e-02
2.977830544114112854e-02
-5.820356011390686035e-01
-4.709451198577880859e-01
-4.686887562274932861e-01
6.898390650749206543e-01
-6.320565938949584961e-01
4.781441688537597656e-01
4.729092419147491455e-01
1.486462354660034180e-02
-1.230496883392333984e+00
8.940055370330810547e-01
6.081710457801818848e-01
-2.250166237354278564e-01
5.748749971389770508e-01
1.016793489456176758e+00
-7.795293331146240234e-01
-1.348297834396362305e+00
-5.557549744844436646e-02
-1.126938939094543457e+00
-1.342849016189575195e+00
-5.339737534523010254e-01
-1.855370402336120605e+00
6.818473339080810547e-02
-2.041660070419311523e+00
9.401173889636993408e-02
8.625481724739074707e-01
-4.081422835588455200e-02
1.145804762840270996e+00
9.043058156967163086e-01
-1.343233138322830200e-01
-1.334333419799804688e-02
-1.410566717386245728e-01
-2.318066358566284180e-01
-4.103581607341766357e-02
1.176006674766540527e+00
2.067993402481079102e+00
-1.955572247505187988e+00
1.643774390220642090e+00
1.077854394912719727e+00
9.308415651321411133e-01
-9.164022803306579590e-01
-4.165851771831512451e-01
1.750745475292205811e-01
1.478561758995056152e+00
-4.886459410190582275e-01
-1.121786475181579590e+00
3.366332054138183594e-01
1.052235811948776245e-01
4.740622043609619141e-01
-8.616893887519836426e-01
1.392521262168884277e+00
1.521366834640502930e-01
3.707008957862854004e-01
-9.909832477569580078e-01
5.332685112953186035e-01
-1.896667480468750000e+00
9.862180054187774658e-02
1.663556575775146484e+00
2.147078990936279297e+00
1.224439263343811035e+00
-1.959391474723815918e+00
1.705895662307739258e-01
8.608949780464172363e-01
-8.746646046638488770e-01
4.057778418064117432e-01
1.315740704536437988e+00
-5.946951732039451599e-02
2.061405658721923828e+00
-1.306165337562561035e+00
3.478277921676635742e-01
1.385699868202209473e+00
-3.588911145925521851e-03
-1.744137525558471680e+00
2.581435739994049072e-01
1.320809483528137207e+00
3.997538089752197266e-01
-2.747493684291839600e-01
3.709599375724792480e-02
-5.163152217864990234e-01
6.270929574966430664e-01
1.054377183318138123e-01
-3.461982607841491699e-01
7.210914492607116699e-01
2.257990837097167969e-02
-2.612352371215820312e-01
2.394894361495971680e-01
6.855785846710205078e-03
-1.094966292381286621e+00
-3.720092773437500000e-01
1.709131002426147461e+00
5.714566111564636230e-01
7.919566035270690918e-01
7.724198102951049805e-01
5.500445961952209473e-01
-1.715757548809051514e-01
6.558990478515625000e-02
2.676874995231628418e-01
3.475344181060791016e-01
-2.205447405576705933e-01
8.714694976806640625e-01
-7.788284420967102051e-01
-1.518725991249084473e+00
4.242818355560302734e-01
1.925790458917617798e-01
-1.623598814010620117e+00
2.679736912250518799e-01
-8.470677733421325684e-01
8.717886805534362793e-01
-1.191272377967834473e+00
-6.725674867630004883e-01
7.845636010169982910e-01
4.979339241981506348e-01
8.841730356216430664e-01
-1.968111038208007812e+00
2.366881817579269409e-03
-4.035511910915374756e-01
2.729550004005432129e-01
-4.952810108661651611e-01
-6.568091511726379395e-01
-1.215919256210327148e-01
8.641177415847778320e-01
-1.943628042936325073e-01
1.133194923400878906e+00
1.709212660789489746e-01
-1.242855429649353027e+00
-7.186273336410522461e-01
7.216609120368957520e-01
-1.756967902183532715e+00
-5.901398658752441406e-01
-1.159898161888122559e+00
-1.698351621627807617e+00
-8.070022463798522949e-01
2.830041646957397461e-01
7.944966554641723633e-01
-2.453247547149658203e+00
-6.778371334075927734e-01
-8.003441095352172852e-01
-5.616196393966674805e-01
-5.406240820884704590e-01
5.450112819671630859e-01
-3.656511306762695312e-01
1.987965106964111328e-01
-3.296087086200714111e-01
8.765812218189239502e-02
1.163727283477783203e+00
8.835692405700683594e-01
-1.102744787931442261e-01
1.386667966842651367e+00
6.543655991554260254e-01
-5.653514266014099121e-01
-7.889010310173034668e-01
-2.127342820167541504e-01
-2.423281431198120117e+00
7.665467262268066406e-01
-2.227023839950561523e+00
-5.960425734519958496e-01
1.258137702941894531e+00
1.948980838060379028e-01
-6.205834746360778809e-01
-1.253669112920761108e-01
4.865790605545043945e-01
2.919646501541137695e+00
-2.259806990623474121e-01
-6.076111197471618652e-01
-6.100432872772216797e-01
-2.632082104682922363e-01
1.743492126464843750e+00
-2.653793096542358398e-01
-4.084755480289459229e-01
-1.166747927665710449e+00
-2.800660133361816406e-01
-4.428712725639343262e-01
3.232376277446746826e-01
-9.601212739944458008e-01
2.475622594356536865e-01
7.577767968177795410e-01
2.241432666778564453e-01
1.221097588539123535e+00
-6.506157517433166504e-01
-1.363410353660583496e+00
-9.910542964935302734e-01
2.849709689617156982e-01
1.535840153694152832e+00
-2.847574651241302490e-01
-1.295496821403503418e+00
1.705457568168640137e-01
-1.045540869235992432e-01
1.391932487487792969e+00
-8.102310299873352051e-01
9.122896194458007812e-01
3.332767486572265625e-01
1.012302160263061523e+00
-1.095739126205444336e+00
1.508341193199157715e+00
1.518316119909286499e-01
1.275520443916320801e+00
-1.371086478233337402e+00
-3.101315200328826904e-01
4.545964002609252930e-01
-3.605352640151977539e-01
5.874072909355163574e-01
-2.115703582763671875e+00
-7.196579575538635254e-01
6.001443266868591309e-01
-6.326599717140197754e-01
1.864633202552795410e+00
1.089105680584907532e-01
2.146071910858154297e+00
-4.668084383010864258e-01
-1.012794971466064453e-01
4.098073840141296387e-01
1.305761188268661499e-01
-2.996115684509277344e-01
-2.846972048282623291e-01
5.394982695579528809e-01
-2.305562645196914673e-01
-8.134256601333618164e-01
-2.773171365261077881e-01
1.960834026336669922e+00
-1.375994086265563965e-01
1.071038484573364258e+00
5.172760486602783203e-01
2.844350337982177734e-01
5.876545906066894531e-01
-1.057519674301147461e+00
-6.128129959106445312e-01
3.924163579940795898e-01
3.654265999794006348e-01
-1.581261605024337769e-01
1.151926755905151367e+00
7.668880820274353027e-01
-2.904608845710754395e-03
1.789356172084808350e-01
-6.427921652793884277e-01
4.202877581119537354e-01
1.734023094177246094e-01
7.399593591690063477e-01
-6.724794507026672363e-01
6.582812219858169556e-02
2.860590815544128418e-01
7.243850827217102051e-01
2.775079905986785889e-01
-2.900657057762145996e-01
-8.322270512580871582e-01
1.858679056167602539e+00
-1.511687397956848145e+00
1.073264598846435547e+00
4.460459351539611816e-01
4.959562420845031738e-01
-1.741242647171020508e+00
-1.371863245964050293e+00
1.316925764083862305e+00
-2.014683961868286133e+00
4.347687661647796631e-01
-9.584955573081970215e-01
-1.648856103420257568e-01
-6.968314051628112793e-01
-2.241898477077484131e-01
8.240789175033569336e-01
-2.701970577239990234e+00
6.433123946189880371e-01
1.395036339759826660e+00
-2.632619738578796387e-01
7.123137712478637695e-01
-8.793847560882568359e-01
-1.330489069223403931e-01
-6.092576980590820312e-01
-7.783852815628051758e-01
-4.954036176204681396e-01
-7.391884922981262207e-01
1.629412770271301270e-01
1.470441341400146484e+00
-1.401581913232803345e-01
-8.319372534751892090e-01
1.324852705001831055e-01
1.440227478742599487e-01
3.780415952205657959e-01
1.372480988502502441e+00
-4.668379426002502441e-01
1.519405990839004517e-01
-5.958957672119140625e-01
-3.664453327655792236e-01
1.585356235504150391e+00
-1.392961144447326660e+00
8.355356454849243164e-01
2.134511172771453857e-01
-2.304688692092895508e-01
-4.722386002540588379e-01
-1.324663907289505005e-01
9.623133540153503418e-01
-8.963541686534881592e-02
-6.889479160308837891e-01
1.540838837623596191e+00
-5.822467207908630371e-01
-6.851658225059509277e-01
-4.705288708209991455e-01
-1.916855454444885254e+00
-1.359305024147033691e+00
-1.166213989257812500e+00
-1.342077732086181641e+00
-6.066858768463134766e-04
8.553969860076904297e-02
9.903712868690490723e-01
8.807560801506042480e-01
-2.598617076873779297e-01
1.645753979682922363e-01
-1.008158087730407715e+00
3.540608584880828857e-01
1.344195961952209473e+00
9.651761054992675781e-01
4.004230499267578125e-01
9.186723828315734863e-01
2.306934818625450134e-02
7.775859832763671875e-01
-5.103825330734252930e-01
-3.677386045455932617e-01
6.907668709754943848e-01
-2.009257078170776367e-01
-8.226188421249389648e-01
-4.435270726680755615e-01
3.622150719165802002e-01
1.074576497077941895e+00
5.950911641120910645e-01
-9.059847146272659302e-02
1.759154498577117920e-01
9.074401855468750000e-01
1.601770162582397461e+00
1.725683212280273438e+00
6.463806033134460449e-01
1.498135447502136230e+00
4.614827632904052734e-01
-3.587710261344909668e-01
-7.547889947891235352e-01
1.583225011825561523e+00
-1.521479785442352295e-01
2.564619779586791992e-01
-1.249379754066467285e+00
8.964850306510925293e-01
-1.647000908851623535e+00
3.712852001190185547e-01
-1.202422857284545898e+00
-1.010363698005676270e+00
-2.972569465637207031e+00
-6.968418359756469727e-01
-1.454495668411254883e+00
5.664569139480590820e-01
-5.401455163955688477e-01
-7.063959836959838867e-01
-7.073004245758056641e-01
-6.147941201925277710e-02
-5.045753717422485352e-01
6.056977510452270508e-01
-1.406773030757904053e-01
-6.601259708404541016e-01
-1.698446035385131836e+00
-9.564440250396728516e-01
1.015266895294189453e+00
-5.171377658843994141e-01
-4.959950149059295654e-01
-3.776949048042297363e-01
1.039808243513107300e-01
1.120897293090820312e+00
-1.145915016531944275e-01
1.436403632164001465e+00
-5.682200193405151367e-01
5.410561561584472656e-01
-6.433409452438354492e-01
-1.362117528915405273e-01
-1.043306663632392883e-02
-7.061160206794738770e-01
-5.079193711280822754e-01
9.792280793190002441e-01
3.473251461982727051e-01
1.924774050712585449e+00
-2.912088036537170410e-01
7.609375715255737305e-01
3.801378309726715088e-01
-4.853444099426269531e-01
-4.595157504081726074e-01
-1.493106365203857422e+00
-1.003865957260131836e+00
1.168069839477539062e+00
-3.464874327182769775e-01
7.143804430961608887e-01
-1.196053862571716309e+00
-1.479089856147766113e+00
-4.132884442806243896e-01
4.715518653392791748e-02
-9.148445129394531250e-01
-1.923810720443725586e+00
1.001392364501953125e+00
8.172518014907836914e-01
1.756977736949920654e-01
-1.155307173728942871e+00
2.296161651611328125e-01
1.034516811370849609e+00
-6.803160905838012695e-01
3.329322338104248047e-01
-1.247358918190002441e+00
-1.793314516544342041e-01
1.016845583915710449e+00
-2.033396661281585693e-01
-2.189513146877288818e-01
-1.938454210758209229e-01
-5.066511631011962891e-01
7.570419907569885254e-01
-2.405284494161605835e-01
-1.170339345932006836e+00
5.532191395759582520e-01
-1.126680672168731689e-01
1.003080725669860840e+00
-8.271947503089904785e-01
-1.250839352607727051e+00
4.028677940368652344e-01
-9.517766833305358887e-01
-2.860803008079528809e-01
-7.626948356628417969e-01
2.700749635696411133e-01
