6.791607737541198730e-01
2.528280496597290039e+00
-7.341951727867126465e-01
1.425621807575225830e-01
-1.492018938064575195e+00
-1.795314669609069824e+00
1.010808274149894714e-01
-1.295986175537109375e+00
-5.701698660850524902e-01
-1.334769845008850098e+00
8.204008638858795166e-02
-6.567003577947616577e-02
-7.278361320495605469e-01
1.336402058601379395e+00
-4.838405847549438477e-01
1.326595544815063477e+00
3.119413256645202637e-01
2.127810478210449219e+00
9.698197245597839355e-01
6.939818263053894043e-01
-4.970964491367340088e-01
6.532877683639526367e-02
-4.802703261375427246e-01
3.064586222171783447e-01
2.318570464849472046e-01
7.664673328399658203e-01
3.006299734115600586e-01
5.211061239242553711e-02
3.991191685199737549e-01
4.785095900297164917e-02
-3.064174056053161621e-01
-1.646389439702033997e-02
-1.554841518402099609e+00
-1.647194623947143555e+00
-1.315436005592346191e+00
4.206473827362060547e-01
1.934759318828582764e-02
-2.352460473775863647e-01
1.967052817344665527e-01
2.083290576934814453e+00
-6.779797077178955078e-01
8.914251923561096191e-01
2.179963886737823486e-01
7.598141431808471680e-01
4.922299981117248535e-01
2.617954909801483154e-01
1.209695786237716675e-01
6.622638702392578125e-01
-4.378726482391357422e-01
5.313569903373718262e-01
-8.767541497945785522e-03
7.911129593849182129e-01
-8.955037593841552734e-01
-8.151237666606903076e-02
-3.464669585227966309e-01
3.677164614200592041e-01
9.807794690132141113e-01
-1.690423846244812012e+00
1.997733235359191895e+00
-8.153674006462097168e-01
5.844032764434814453e-01
-9.421967267990112305e-01
3.229790449142456055e+00
1.273729801177978516e+00
-4.949298501014709473e-01
1.879895210266113281e+00
-7.759292721748352051e-01
3.559008240699768066e-01
-9.922155141830444336e-01
-1.589252054691314697e-02
-3.401332497596740723e-01
5.141360163688659668e-01
3.273917436599731445e-01
-7.261562347412109375e-01
-4.789668321609497070e-01
3.520337939262390137e-01
-7.218798995018005371e-02
-1.301050037145614624e-01
-2.723106145858764648e-01
-1.509965956211090088e-02
-7.455969452857971191e-01
-3.965058922767639160e-01
1.724767327308654785e+00
-2.144878357648849487e-01
-5.661655664443969727e-01
3.224106311798095703e+00
-9.703096151351928711e-01
3.299376368522644043e-02
2.397243231534957886e-01
2.218553796410560608e-03
1.644457459449768066e+00
-8.161519169807434082e-01
-2.685112357139587402e-01
2.355747222900390625e-01
-8.911514282226562500e-01
-1.067697070538997650e-03
9.187130928039550781e-01
-1.272117376327514648e+00
2.160941064357757568e-01
1.034323334693908691e+00
1.169555664062500000e+00
6.260408163070678711e-01
-3.277286291122436523e-01
-4.723802208900451660e-01
1.366196870803833008e-01
-1.249579548835754395e+00
-8.304750919342041016e-01
-3.279919922351837158e-01
8.859321475028991699e-01
-2.897969782352447510e-01
8.300834894180297852e-01
3.367865085601806641e-01
9.250268936157226562e-01
-5.674939751625061035e-01
-5.585192441940307617e-01
-1.521768569946289062e+00
-7.408773899078369141e-01
9.248795509338378906e-01
-1.699523210525512695e+00
-8.824530243873596191e-01
-2.212606668472290039e-01
1.571601510047912598e+00
-1.415153741836547852e-01
-1.231853723526000977e+00
7.618927955627441406e-01
9.939759969711303711e-03
5.242689251899719238e-01
-9.627205133438110352e-02
1.020618915557861328e+00
3.208562135696411133e-01
1.033845305442810059e+00
3.781585693359375000e-01
1.096267461776733398e+00
1.518371820449829102e+00
-2.028935551643371582e-01
6.801726222038269043e-01
6.244927644729614258e-01
-1.045560002326965332e+00
2.086091041564941406e+00
-9.778779149055480957e-01
-1.287119835615158081e-01
-6.825551986694335938e-01
5.883315801620483398e-01
1.526918411254882812e+00
-2.012274563312530518e-01
3.772729337215423584e-01
-1.680359840393066406e-01
-5.853259563446044922e-01
-3.129893541336059570e-01
-6.041202545166015625e-01
-6.536743044853210449e-01
-6.964197158813476562e-01
1.542882621288299561e-01
8.254780769348144531e-01
-6.877935528755187988e-01
-9.011710286140441895e-01
1.153851270675659180e+00
-1.333787441253662109e+00
-1.669978260993957520e+00
1.201508879661560059e+00
1.708459258079528809e+00
-4.404298961162567139e-03
-5.348590016365051270e-01
1.035690426826477051e+00
-5.657465457916259766e-01
6.853863596916198730e-01
3.871700167655944824e-01
-2.096521556377410889e-01
-5.167877674102783203e-01
6.584174036979675293e-01
3.069593906402587891e-01
3.259221911430358887e-01
1.035051584243774414e+00
6.470736861228942871e-01
-1.006065368652343750e+00
2.576327025890350342e-01
2.757905006408691406e+00
-1.187073111534118652e+00
5.666895210742950439e-02
1.109108090400695801e+00
4.335725903511047363e-01
-6.469005346298217773e-01
-1.629700809717178345e-01
5.716823935508728027e-01
4.112935960292816162e-01
-1.842218995094299316e+00
-1.842293381690979004e+00
2.173266708850860596e-01
2.066110074520111084e-01
1.301354616880416870e-01
5.939075946807861328e-01
-1.992911249399185181e-01
-1.072452962398529053e-01
-9.022996574640274048e-02
1.389173030853271484e+00
-4.129194617271423340e-01
-9.289494752883911133e-01
6.246581077575683594e-01
1.223095729947090149e-01
-6.361027359962463379e-01
4.828588366508483887e-01
-1.651717185974121094e+00
-2.503972530364990234e+00
-1.573377251625061035e-01
-2.003679037094116211e+00
2.732960879802703857e-02
-8.741354942321777344e-01
-1.391385495662689209e-01
1.139592289924621582e+00
6.120724678039550781e-01
-1.491817682981491089e-01
-1.271058917045593262e+00
-1.021453380584716797e+00
-2.847568392753601074e-01
8.182846307754516602e-01
-5.264958143234252930e-01
-6.970291733741760254e-01
-6.683698892593383789e-01
3.227075338363647461e-01
-2.365491688251495361e-01
-2.035226821899414062e-01
-1.626160740852355957e-01
2.757368683815002441e-01
-4.205631464719772339e-02
1.291121393442153931e-01
-5.436008572578430176e-01
9.054116010665893555e-01
-1.725934982299804688e+00
9.143225550651550293e-01
5.011407732963562012e-01
1.152341842651367188e+00
-8.217667937278747559e-01
-5.975233912467956543e-01
-1.134124398231506348e-02
8.374676108360290527e-04
-1.161318540573120117e+00
1.884629726409912109e+00
7.876298427581787109e-01
-1.035981535911560059e+00
-2.965791523456573486e-02
7.210543751716613770e-01
-1.786037683486938477e+00
1.308113574981689453e+00
3.374001979827880859e-01
-5.731489509344100952e-02
-7.451974153518676758e-01
6.778429746627807617e-01
1.827779263257980347e-01
9.386544227600097656e-01
-1.070248842239379883e+00
6.167321801185607910e-01
1.788303703069686890e-01
1.607175111770629883e+00
-7.061409950256347656e-01
1.322949886322021484e+00
1.315788775682449341e-01
-3.238596916198730469e-01
8.247989416122436523e-01
2.866387605667114258e+00
1.169448345899581909e-01
7.158035039901733398e-01
-4.354614615440368652e-01
4.774466156959533691e-01
-9.457269310951232910e-02
-7.215887308120727539e-01
7.946724891662597656e-01
-3.853691220283508301e-01
-2.049660980701446533e-01
-7.254768610000610352e-01
7.705240249633789062e-01
1.328433156013488770e+00
-7.303863763809204102e-01
-9.763380885124206543e-01
1.110864520072937012e+00
3.086777627468109131e-01
-1.663473993539810181e-02
1.314771771430969238e+00
3.030337393283843994e-01
-7.712634801864624023e-01
1.163251399993896484e+00
-1.018560886383056641e+00
-1.019415855407714844e+00
1.733199357986450195e+00
7.465001940727233887e-01
9.778513908386230469e-01
-1.726526767015457153e-01
5.520128607749938965e-01
1.470548152923583984e+00
-1.231878876686096191e+00
4.764423072338104248e-01
-5.898255705833435059e-01
-4.738968312740325928e-01
6.983445286750793457e-01
-2.812371551990509033e-01
5.797889828681945801e-01
-2.910464107990264893e-01
-7.620859146118164062e-02
-8.458847999572753906e-01
7.547376155853271484e-01
-1.929730653762817383e+00
8.135887384414672852e-01
1.003815293312072754e+00
-1.803814649581909180e+00
1.462961673736572266e+00
-5.815891027450561523e-01
1.367815971374511719e+00
-5.097177624702453613e-02
2.858342230319976807e-02
-9.830268621444702148e-01
2.848725020885467529e-01
2.551731467247009277e-01
-4.145042896270751953e-01
-7.306365668773651123e-02
3.598972558975219727e-01
1.807520985603332520e+00
-2.760947346687316895e-01
4.785597920417785645e-01
-4.186961650848388672e-01
-3.415064811706542969e-01
1.552585124969482422e+00
9.764835238456726074e-01
-4.847394675016403198e-02
5.944113731384277344e-01
-1.795223712921142578e+00
-7.641737163066864014e-02
1.455842614173889160e+00
8.476274609565734863e-01
5.004535317420959473e-01
-8.767351508140563965e-03
-6.446434259414672852e-01
-4.121945798397064209e-01
1.286662817001342773e-01
-6.186240911483764648e-01
4.189365357160568237e-02
-1.884561777114868164e-01
1.508816599845886230e+00
-1.035096645355224609e+00
-9.160417914390563965e-01
1.488084197044372559e+00
2.144666314125061035e-01
-1.960545778274536133e+00
-6.643017530441284180e-01
1.161812692880630493e-01
1.727277159690856934e+00
-1.427149176597595215e+00
3.473980426788330078e-01
-5.678008794784545898e-01
1.239555716514587402e+00
-1.295142769813537598e+00
-1.202023744583129883e+00
-1.098644137382507324e+00
9.769250750541687012e-01
-1.646170169115066528e-01
1.012818813323974609e+00
-2.448432147502899170e-02
-9.018983840942382812e-01
5.154631137847900391e-01
-1.321091175079345703e+00
1.267720907926559448e-01
2.917828857898712158e-01
-5.815851092338562012e-01
-1.972221732139587402e+00
-8.959677219390869141e-01
-6.148529648780822754e-01
7.836520671844482422e-01
4.551267921924591064e-01
-1.189730048179626465e+00
-7.339490652084350586e-01
1.696573257446289062e+00
6.033778786659240723e-01
-6.176474094390869141e-01
-7.188034653663635254e-01
-5.947035551071166992e-01
4.979051649570465088e-01
1.485757827758789062e+00
1.013367414474487305e+00
-8.049630522727966309e-01
-5.738651156425476074e-01
5.244776606559753418e-01
-4.677042067050933838e-01
2.801974862813949585e-02
-7.352830767631530762e-01
4.780841991305351257e-02
-1.000635862350463867e+00
8.885573148727416992e-01
1.051800370216369629e+00
7.281809449195861816e-01
-9.245678782463073730e-01
-2.120471715927124023e+00
-1.958996802568435669e-02
-9.614980816841125488e-01
4.666318893432617188e-01
-4.190438091754913330e-01
7.201319932937622070e-01
7.341552376747131348e-01
7.667257189750671387e-01
5.419044494628906250e-01
-9.320181608200073242e-01
-1.181221127510070801e+00
-9.350720047950744629e-02
6.279883384704589844e-01
-1.662432551383972168e+00
4.798954129219055176e-01
-9.460100531578063965e-01
-1.537304520606994629e-01
1.012266874313354492e+00
1.145106434822082520e+00
-3.697878122329711914e-01
3.324121236801147461e-03
9.227858185768127441e-01
-2.163640260696411133e+00
3.261916339397430420e-01
1.147826433181762695e+00
-2.057289600372314453e+00
1.586443185806274414e+00
-4.014854729175567627e-01
-1.618258595466613770e+00
-3.069563508033752441e-01
-5.129820853471755981e-02
7.660250067710876465e-01
1.096171259880065918e+00
-1.828791797161102295e-01
1.598615884780883789e+00
9.641863405704498291e-02
-4.482938051223754883e-01
6.965491175651550293e-01
-1.253953933715820312e+00
4.277563989162445068e-01
-5.380128622055053711e-01
-3.995620459318161011e-02
2.082402706146240234e-01
-5.179690122604370117e-01
-3.479644656181335449e-01
-1.656229794025421143e-02
-7.494072318077087402e-01
-2.154054045677185059e-01
9.415161013603210449e-01
-6.766122579574584961e-01
-2.597526013851165771e-01
1.434555411338806152e+00
-6.416036486625671387e-01
1.525494337081909180e+00
1.170723795890808105e+00
3.806527256965637207e-01
-6.973867416381835938e-01
-3.415860235691070557e-03
-2.363561391830444336e-01
-1.840681314468383789e+00
-6.258999705314636230e-01
-1.217287704348564148e-01
-1.642733812332153320e-03
5.564409494400024414e-01
1.329912662506103516e+00
-1.033830881118774414e+00
6.902182102203369141e-02
1.492143034934997559e+00
-8.002251982688903809e-01
1.174696534872055054e-01
-7.547920346260070801e-01
-6.310170888900756836e-01
-1.180219575762748718e-01
3.004325032234191895e-01
-5.943011865019798279e-02
5.016161799430847168e-01
1.680027961730957031e+00
4.742096662521362305e-01
5.062623023986816406e-01
-1.318627715110778809e+00
7.576703429222106934e-01
-1.244148239493370056e-01
-1.060869693756103516e+00
4.401671290397644043e-01
1.316930294036865234e+00
4.866812825202941895e-01
-6.457809209823608398e-01
-1.099399805068969727e+00
-8.347670733928680420e-02
2.890378236770629883e-01
-8.422796726226806641e-01
2.476633787155151367e-01
6.039881110191345215e-01
6.474944949150085449e-02
1.829935789108276367e+00
-9.213982224464416504e-01
-4.663484692573547363e-01
1.434974670410156250e+00
4.557072520256042480e-01
1.691843152046203613e+00
-3.198946714401245117e-01
1.102750062942504883e+00
-4.919952154159545898e-01
9.815149903297424316e-01
-1.136710762977600098e+00
-2.505948245525360107e-01
5.779139399528503418e-01
6.200909614562988281e-01
1.728154122829437256e-01
1.479426145553588867e+00
8.967826366424560547e-01
6.304612159729003906e-01
-2.490947991609573364e-01
1.773691058158874512e+00
7.997542619705200195e-01
3.130621910095214844e-01
-6.775383949279785156e-01
-3.524872958660125732e-01
9.336249828338623047e-01
-2.429810613393783569e-01
7.987406253814697266e-01
-9.674042463302612305e-01
-4.436104893684387207e-01
1.464548826217651367e+00
