2.831622958183288574e-01
1.678884506225585938e+00
-1.597231328487396240e-01
3.904823064804077148e-01
-1.504316806793212891e+00
-1.111997246742248535e+00
1.259556859731674194e-01
-1.636922657489776611e-01
-1.158606171607971191e+00
-4.077820777893066406e-01
-1.352883428335189819e-01
2.603228092193603516e-01
-9.161070585250854492e-01
1.479885816574096680e+00
-1.287991285324096680e+00
6.115827560424804688e-01
-6.940466910600662231e-02
2.099250316619873047e+00
7.513426542282104492e-01
8.871864676475524902e-01
-2.717387378215789795e-01
-3.271398320794105530e-02
-4.642443060874938965e-01
5.417896807193756104e-02
2.037599980831146240e-01
2.054673582315444946e-01
1.074293375015258789e+00
-7.560238242149353027e-01
2.174742519855499268e-01
5.857214927673339844e-01
2.561998367309570312e-01
1.575723886489868164e-01
-1.185006618499755859e+00
-1.422819375991821289e+00
-1.642440199851989746e+00
1.059611678123474121e+00
5.791408419609069824e-01
-8.930155634880065918e-02
2.324420213699340820e-01
1.899847269058227539e+00
-1.214774966239929199e+00
8.313160538673400879e-01
-1.966110765933990479e-01
1.134451389312744141e+00
-1.240815222263336182e-01
-5.660334229469299316e-02
3.218539953231811523e-01
5.811315178871154785e-01
-7.642584443092346191e-01
-1.560160368680953979e-01
1.412143930792808533e-03
1.351351737976074219e+00
-5.237158536911010742e-01
-3.649300336837768555e-02
-2.187003344297409058e-01
-1.257699579000473022e-01
1.295402884483337402e+00
-1.310791969299316406e+00
1.934672117233276367e+00
-5.452511310577392578e-01
6.557965278625488281e-01
-1.507791280746459961e+00
3.155474424362182617e+00
2.345601081848144531e+00
-3.494700789451599121e-01
9.880288839340209961e-01
-1.241500616073608398e+00
4.883664250373840332e-01
-1.315404534339904785e+00
-6.038452386856079102e-01
-2.745476365089416504e-01
7.697322964668273926e-01
1.115314245223999023e+00
-9.549095034599304199e-01
-5.132413506507873535e-01
5.768005251884460449e-01
3.106186985969543457e-01
4.161397814750671387e-01
-1.203537225723266602e+00
4.689140915870666504e-01
-1.260904312133789062e+00
-9.352400302886962891e-01
9.078724384307861328e-01
-5.471072793006896973e-01
-6.811712384223937988e-01
3.534756898880004883e+00
-8.225730657577514648e-01
1.216379880905151367e+00
-5.919747948646545410e-01
3.852869272232055664e-01
9.517164230346679688e-01
-6.651871800422668457e-01
-2.225794792175292969e-01
2.748204022645950317e-02
-1.158662319183349609e+00
-2.612522840499877930e-01
4.007810354232788086e-02
-6.631345748901367188e-01
2.056028693914413452e-01
1.361110687255859375e+00
6.328834295272827148e-01
1.453338027000427246e+00
-6.688104867935180664e-01
-5.883172750473022461e-01
7.663176953792572021e-02
-1.361545324325561523e+00
-6.617248654365539551e-01
5.324090644717216492e-02
6.594327092170715332e-01
5.426347255706787109e-02
-4.458074271678924561e-01
-3.972868919372558594e-01
1.194572329521179199e+00
-7.872895598411560059e-01
-2.129652798175811768e-01
-1.600493550300598145e+00
-5.734373927116394043e-01
6.496317386627197266e-01
-1.893116593360900879e+00
-7.425857186317443848e-01
5.352722406387329102e-01
1.341188311576843262e+00
-3.857702910900115967e-01
-8.019461631774902344e-01
7.503017187118530273e-01
-2.096449434757232666e-01
4.959911406040191650e-01
-4.684266448020935059e-01
-2.329216003417968750e-01
-4.338246285915374756e-01
9.496683478355407715e-01
6.189899444580078125e-01
1.139083981513977051e+00
1.738864421844482422e+00
5.950684472918510437e-02
-5.903041362762451172e-02
8.286892175674438477e-01
-1.027018189430236816e+00
1.328499197959899902e+00
-6.955944299697875977e-01
-4.846293926239013672e-01
-1.104999184608459473e+00
5.077108740806579590e-01
1.253562927246093750e+00
-4.816073477268218994e-01
-6.492964625358581543e-01
-5.255281925201416016e-01
-5.862498283386230469e-01
-2.390227764844894409e-01
-8.726509213447570801e-01
-4.059194624423980713e-01
-1.065791368484497070e+00
-8.423498272895812988e-01
-5.198247432708740234e-01
-3.363683819770812988e-01
-1.123137712478637695e+00
4.240778088569641113e-01
-7.071010470390319824e-01
-1.713460326194763184e+00
4.621394872665405273e-01
2.027145385742187500e+00
8.868715167045593262e-01
-6.279473304748535156e-01
2.241040229797363281e+00
-1.398177295923233032e-01
6.653633117675781250e-01
6.449154019355773926e-01
-2.938132584095001221e-01
-5.277252942323684692e-02
1.000083446502685547e+00
5.287954211235046387e-02
1.589401066303253174e-01
1.569394588470458984e+00
1.324572801589965820e+00
-1.641049385070800781e+00
1.064427852630615234e+00
2.153154611587524414e+00
-9.309244155883789062e-01
1.149835884571075439e-01
1.135952711105346680e+00
8.314447402954101562e-01
-4.325290918350219727e-01
-8.280569314956665039e-01
-4.485902488231658936e-01
5.126221776008605957e-01
-9.824460744857788086e-01
-1.296231746673583984e+00
6.523333191871643066e-01
-9.390882253646850586e-01
-3.304492831230163574e-01
-2.500503957271575928e-01
5.692411065101623535e-01
6.724432110786437988e-03
7.205922603607177734e-01
1.050042152404785156e+00
-5.153072625398635864e-02
-4.810475707054138184e-01
9.439653158187866211e-01
-8.653087168931961060e-02
9.773448109626770020e-02
6.631124019622802734e-01
-1.025711536407470703e+00
-2.560295820236206055e+00
4.594827294349670410e-01
-1.076776027679443359e+00
-5.992661714553833008e-01
-1.210311770439147949e+00
-4.484208822250366211e-01
1.341037034988403320e+00
2.837963998317718506e-01
-2.458785772323608398e-01
-1.311567068099975586e+00
-9.969995617866516113e-01
-3.746696114540100098e-01
6.345031261444091797e-01
-8.887354731559753418e-01
-1.407832354307174683e-01
-7.960734367370605469e-01
-6.807148456573486328e-04
7.208755016326904297e-01
2.264255881309509277e-01
4.814304709434509277e-01
2.167387604713439941e-01
-3.585936427116394043e-01
-4.720803499221801758e-01
-1.231142640113830566e+00
9.696239978075027466e-02
-1.217331528663635254e+00
7.724914550781250000e-01
-9.972974658012390137e-01
6.535338759422302246e-01
-4.300417006015777588e-01
-6.588679552078247070e-01
5.992577075958251953e-01
-3.382466435432434082e-01
-6.472187638282775879e-01
1.338182091712951660e+00
5.034832954406738281e-01
-4.745573401451110840e-01
-2.011172622442245483e-01
3.761548399925231934e-01
-6.371777057647705078e-01
1.437105774879455566e+00
7.213679552078247070e-01
-5.575305819511413574e-01
-9.550036191940307617e-01
1.143161296844482422e+00
1.924471557140350342e-01
1.315255165100097656e+00
-1.195123672485351562e+00
2.584308981895446777e-01
-6.243023276329040527e-02
8.962801694869995117e-01
-5.432114601135253906e-01
1.629082679748535156e+00
8.835720419883728027e-01
8.259607106447219849e-02
8.627008795738220215e-01
2.140996456146240234e+00
-7.618628442287445068e-03
3.741444647312164307e-01
-2.524989843368530273e-01
4.321526288986206055e-01
-2.458777874708175659e-01
-4.556499421596527100e-01
3.399958610534667969e-01
-2.826134264469146729e-01
2.042038440704345703e-01
3.994420766830444336e-01
4.947196841239929199e-01
1.105985641479492188e+00
-1.188422918319702148e+00
-2.117806434631347656e+00
1.048140883445739746e+00
3.596500158309936523e-01
-8.722918033599853516e-01
1.518234372138977051e+00
2.780872583389282227e-01
-7.876291871070861816e-01
1.207712888717651367e+00
-7.976729869842529297e-01
-1.464969038963317871e+00
1.989467501640319824e+00
8.060913085937500000e-01
9.158934354782104492e-01
7.024416327476501465e-02
3.282863274216651917e-02
1.781239748001098633e+00
-1.247881054878234863e+00
3.065659850835800171e-02
-6.980009377002716064e-02
-2.013828456401824951e-01
7.407792806625366211e-01
-7.873290777206420898e-01
1.419935747981071472e-02
-9.041110873222351074e-01
-2.693578302860260010e-01
-1.428884983062744141e+00
8.637285232543945312e-01
-1.819477319717407227e+00
1.024551987648010254e+00
8.426373004913330078e-01
-2.097818136215209961e+00
1.370351314544677734e+00
-1.377646327018737793e+00
8.107540607452392578e-01
-2.674278616905212402e-01
4.911613166332244873e-01
-1.027664184570312500e+00
2.836895585060119629e-01
-3.001362383365631104e-01
-3.433483541011810303e-01
2.847838997840881348e-01
5.360756516456604004e-01
1.832990884780883789e+00
-4.045634269714355469e-01
-2.438558042049407959e-01
4.283054172992706299e-01
6.966317445039749146e-02
1.260970830917358398e+00
3.887508511543273926e-01
-2.085566520690917969e-01
1.033969223499298096e-01
-1.142438769340515137e+00
2.392265051603317261e-01
1.027705550193786621e+00
5.198013186454772949e-01
5.532234907150268555e-03
-2.674698829650878906e-01
-4.367722868919372559e-01
-9.487223625183105469e-01
-1.096996217966079712e-01
-4.869745671749114990e-02
2.245451807975769043e-01
-7.136973142623901367e-01
1.270813465118408203e+00
-1.425846576690673828e+00
-8.249392509460449219e-01
1.656236648559570312e+00
-1.897795796394348145e-01
-3.895726203918457031e-01
-8.969843387603759766e-01
2.717278301715850830e-01
1.213238835334777832e+00
-6.762308478355407715e-01
5.372872948646545410e-01
-3.399640321731567383e-01
4.003874957561492920e-01
-4.865891039371490479e-01
-1.182346582412719727e+00
-1.011383295059204102e+00
1.193557143211364746e+00
-2.329716831445693970e-01
1.384513974189758301e+00
-5.384383350610733032e-02
-5.988341569900512695e-01
9.337351918220520020e-01
-1.775243282318115234e+00
4.226973056793212891e-01
-6.695931553840637207e-01
-5.103322267532348633e-01
-1.474618077278137207e+00
-1.241408586502075195e+00
2.325695008039474487e-02
-1.889632642269134521e-02
4.533032476902008057e-01
-1.162195801734924316e+00
1.098967716097831726e-01
9.292829036712646484e-01
1.048730850219726562e+00
-7.572303414344787598e-01
-1.073240756988525391e+00
-8.499565720558166504e-01
6.155722737312316895e-01
1.581618666648864746e+00
3.647979497909545898e-01
-6.101148128509521484e-01
-5.677512884140014648e-01
4.356354475021362305e-01
-5.003783106803894043e-01
-2.445075511932373047e-01
-4.527776241302490234e-01
-2.478886246681213379e-01
-7.068445086479187012e-01
9.685705900192260742e-01
6.894920468330383301e-01
1.171939492225646973e+00
-1.219405531883239746e+00
-2.637073516845703125e+00
6.144883036613464355e-01
-1.339747905731201172e-01
7.962897419929504395e-01
-7.585756182670593262e-01
3.950074315071105957e-01
5.408927202224731445e-01
5.158178210258483887e-01
-2.105891108512878418e-01
-9.871100187301635742e-01
-1.363715171813964844e+00
-1.916889846324920654e-01
1.469548493623733521e-01
-1.927178859710693359e+00
1.062228202819824219e+00
-3.949527144432067871e-01
2.390531636774539948e-02
5.248234868049621582e-01
7.450009137392044067e-02
1.915693283081054688e-04
5.084049701690673828e-01
8.966003060340881348e-01
-1.819318175315856934e+00
2.794030010700225830e-01
6.559503078460693359e-01
-1.916503787040710449e+00
1.075814604759216309e+00
-3.578737378120422363e-02
-2.179179668426513672e+00
-7.627524733543395996e-01
-5.713168382644653320e-01
4.898307323455810547e-01
7.752469778060913086e-01
1.854862570762634277e-01
2.117540836334228516e+00
-4.041434824466705322e-01
2.361338883638381958e-01
1.643532365560531616e-01
-1.144114136695861816e+00
2.161253690719604492e-01
2.463066279888153076e-01
3.099294900894165039e-01
1.103973463177680969e-01
-4.661195278167724609e-01
-1.861588507890701294e-01
-5.252674818038940430e-01
-1.418756842613220215e-01
-5.736470222473144531e-01
1.267534613609313965e+00
4.679128527641296387e-02
-4.976260066032409668e-01
1.414923667907714844e+00
2.223947793245315552e-01
2.014758110046386719e+00
1.586769461631774902e+00
-2.292148917913436890e-01
1.222640275955200195e-01
8.199114203453063965e-01
-1.642557978630065918e-01
-1.464776158332824707e+00
4.976781606674194336e-01
1.059224307537078857e-01
-2.496294081211090088e-01
2.486241757869720459e-01
5.156658887863159180e-01
-1.183850884437561035e+00
5.440995693206787109e-01
1.690949559211730957e+00
-1.055566906929016113e+00
9.234113693237304688e-01
1.356023550033569336e-02
-1.419744491577148438e-01
3.390079438686370850e-01
1.452374458312988281e-01
-1.483453035354614258e+00
1.737729460000991821e-01
1.302853584289550781e+00
5.145205259323120117e-01
8.705004453659057617e-01
-1.580372810363769531e+00
8.672556877136230469e-01
8.334130048751831055e-02
-3.377004563808441162e-01
1.964586526155471802e-01
1.684720993041992188e+00
9.786512702703475952e-02
-3.361040055751800537e-01
-4.795580804347991943e-01
-3.666191101074218750e-01
3.823276162147521973e-01
-1.280293166637420654e-01
-1.396010071039199829e-01
3.493885695934295654e-01
1.544604450464248657e-01
1.546479344367980957e+00
-1.164287447929382324e+00
-7.208367586135864258e-01
1.344719529151916504e+00
-5.034800767898559570e-01
1.359525084495544434e+00
-2.569611072540283203e-01
6.951329112052917480e-01
-6.233885288238525391e-01
4.846365153789520264e-01
-1.376320719718933105e+00
8.996078372001647949e-02
5.278289318084716797e-01
1.220370888710021973e+00
8.293928503990173340e-01
2.013600826263427734e+00
1.006782412528991699e+00
6.175385713577270508e-01
-4.871298670768737793e-01
1.541215777397155762e+00
2.344819903373718262e-01
-2.205633074045181274e-01
-5.258417129516601562e-01
-7.636197209358215332e-01
5.937231779098510742e-01
-7.371087074279785156e-01
9.413041472434997559e-01
-3.619269132614135742e-01
-6.236123442649841309e-01
1.950139045715332031e+00
