8.786639571189880371e-01
2.026881694793701172e+00
-3.378913402557373047e-01
2.939655482769012451e-01
-1.913851261138916016e+00
-1.068580269813537598e+00
3.113984763622283936e-01
-6.471339464187622070e-01
-1.280167996883392334e-01
-3.269607424736022949e-01
-5.196214914321899414e-01
4.574309587478637695e-01
-1.101797461509704590e+00
1.332874059677124023e+00
-1.424127697944641113e+00
2.576666176319122314e-01
1.261247098445892334e-01
1.040480852127075195e+00
1.573833823204040527e-02
1.081562280654907227e+00
-2.163876146078109741e-01
8.911971449851989746e-01
-9.658939242362976074e-01
-4.836900234222412109e-01
-1.669602245092391968e-01
7.803063988685607910e-01
9.338687062263488770e-01
-1.226158738136291504e+00
4.922152161598205566e-01
-3.890670239925384521e-01
-4.405543804168701172e-01
-1.869197636842727661e-01
-1.260263681411743164e+00
-1.730196237564086914e+00
-1.028619766235351562e+00
8.424842357635498047e-01
7.419690489768981934e-01
-3.978609144687652588e-01
-3.766514360904693604e-01
1.936343193054199219e+00
-1.319696426391601562e+00
5.336577892303466797e-01
-3.045672774314880371e-01
7.487996220588684082e-01
-3.164800405502319336e-01
3.796278238296508789e-01
-1.550776660442352295e-01
2.054197937250137329e-01
-7.835893630981445312e-01
8.345810770988464355e-01
4.478897899389266968e-03
7.926334142684936523e-01
-2.559274137020111084e-01
4.006244242191314697e-03
-3.337188959121704102e-01
-2.974817156791687012e-01
8.060376048088073730e-01
-8.752337098121643066e-01
2.384759664535522461e+00
-6.555513143539428711e-01
-2.622910588979721069e-02
-1.129400014877319336e+00
3.298792362213134766e+00
1.763736248016357422e+00
-8.154266476631164551e-01
1.150978565216064453e+00
-7.204592823982238770e-01
-5.293584465980529785e-01
-1.126080870628356934e+00
-5.030341744422912598e-01
-2.551982998847961426e-01
3.443539440631866455e-01
7.204692363739013672e-01
-2.138373613357543945e+00
-7.271537780761718750e-01
9.064798951148986816e-01
-4.728832840919494629e-02
2.902348041534423828e-01
2.163469642400741577e-01
1.540786921977996826e-01
-1.363602161407470703e+00
-8.430512547492980957e-01
1.322255253791809082e+00
1.443908214569091797e-01
-4.111459255218505859e-01
3.255666017532348633e+00
-6.068055629730224609e-01
5.259250402450561523e-01
-6.189801543951034546e-02
4.999707043170928955e-01
6.640330553054809570e-01
-6.835865974426269531e-01
-5.588250756263732910e-01
8.777264356613159180e-01
-5.923210978507995605e-01
2.908467948436737061e-01
-1.018543392419815063e-01
-7.317042350769042969e-01
-3.548987209796905518e-01
7.694745063781738281e-01
8.097227811813354492e-01
1.482365369796752930e+00
-1.653180122375488281e-01
-4.939426779747009277e-01
5.335197448730468750e-01
-3.572032451629638672e-01
-7.284161448478698730e-01
2.087906189262866974e-02
4.272612631320953369e-01
-4.347773790359497070e-01
7.971428036689758301e-01
-3.308371305465698242e-01
8.398897051811218262e-01
-1.002756357192993164e+00
1.930827945470809937e-01
-1.364879131317138672e+00
-8.620970249176025391e-01
8.115020990371704102e-01
-1.573338150978088379e+00
-7.200694680213928223e-01
1.021843075752258301e+00
1.400132656097412109e+00
-4.179979860782623291e-01
-1.192946791648864746e+00
2.227810621261596680e-01
-9.283985495567321777e-01
4.033979177474975586e-01
-5.806964039802551270e-01
-2.505986690521240234e-01
5.343723297119140625e-01
7.226696610450744629e-01
1.013319134712219238e+00
1.336158990859985352e+00
1.491253018379211426e+00
-1.657025888562202454e-02
-5.899387598037719727e-01
9.515604376792907715e-01
-4.198202788829803467e-01
1.004137992858886719e+00
-8.291691541671752930e-01
-5.031658411026000977e-01
-4.578120112419128418e-01
6.888895034790039062e-01
1.422018766403198242e+00
4.942344129085540771e-02
-4.800329208374023438e-01
-1.040387451648712158e-01
-7.871116399765014648e-01
-5.340437293052673340e-01
-8.716386556625366211e-01
4.255270063877105713e-01
-7.735448479652404785e-01
-7.874982804059982300e-02
8.717759847640991211e-01
-9.081702232360839844e-01
-5.441800355911254883e-01
1.173721671104431152e+00
-1.316909551620483398e+00
-1.795907258987426758e+00
1.314121246337890625e+00
1.810448288917541504e+00
8.480458855628967285e-01
-5.154334008693695068e-02
1.476295113563537598e+00
-1.591931134462356567e-01
-3.677054345607757568e-01
1.193887233734130859e+00
-4.780246317386627197e-01
-4.122935533523559570e-01
7.915636897087097168e-01
4.836942628026008606e-02
-2.700920999050140381e-01
1.016047000885009766e+00
1.186921834945678711e+00
-8.611567616462707520e-01
1.640939831733703613e+00
2.811925411224365234e+00
-1.220593452453613281e+00
-1.894255429506301880e-01
6.248811483383178711e-01
1.020135655999183655e-01
-9.778460860252380371e-02
-5.570468902587890625e-01
-9.028453230857849121e-01
2.524321079254150391e-01
-1.324712395668029785e+00
-1.229222416877746582e+00
5.732029676437377930e-01
-6.925131082534790039e-01
-3.575205206871032715e-01
1.823503822088241577e-01
2.084612548351287842e-01
-2.669510245323181152e-01
1.055149197578430176e+00
6.287348270416259766e-01
-7.508109807968139648e-01
-6.366661190986633301e-01
1.123823404312133789e+00
-8.113760948181152344e-01
-4.008997082710266113e-01
1.374784946441650391e+00
-9.827041029930114746e-01
-2.067477226257324219e+00
5.369514226913452148e-01
-1.486671090126037598e+00
-7.480272650718688965e-01
-7.747192382812500000e-01
-3.296453952789306641e-01
1.123536467552185059e+00
1.153916358947753906e+00
-1.509839594364166260e-01
-1.752304911613464355e+00
-1.143696308135986328e+00
1.737108826637268066e-01
6.053916215896606445e-01
-5.617584586143493652e-01
-1.534712016582489014e-01
-8.816849589347839355e-01
9.063602685928344727e-01
2.653636932373046875e-01
-1.827023625373840332e-01
5.760414600372314453e-01
5.436436533927917480e-01
-5.839049220085144043e-01
-3.279878199100494385e-01
-5.663495063781738281e-01
6.278059482574462891e-01
-1.083921790122985840e+00
1.239938974380493164e+00
-6.169328093528747559e-01
1.001182794570922852e+00
-3.705736994743347168e-02
-7.241095900535583496e-01
7.224011421203613281e-01
2.155455350875854492e-01
-4.564366936683654785e-01
1.551315546035766602e+00
4.611685574054718018e-01
-5.623422265052795410e-01
-4.259700179100036621e-01
-3.581393957138061523e-01
-3.815263211727142334e-01
1.308945059776306152e+00
5.061352252960205078e-02
-5.505003333091735840e-01
-1.260157078504562378e-01
6.091374158859252930e-01
-2.905734479427337646e-01
1.259813666343688965e+00
-1.928090333938598633e+00
2.931840717792510986e-01
1.950505077838897705e-01
7.637510299682617188e-01
-6.334816813468933105e-01
7.583455443382263184e-01
1.720541477203369141e+00
-4.529405236244201660e-01
6.405133008956909180e-01
1.250471353530883789e+00
-6.423100233078002930e-01
-3.784317970275878906e-01
-6.119655370712280273e-01
1.225903630256652832e-02
2.340042591094970703e-01
-2.029232382774353027e-01
5.499992370605468750e-01
-2.988081574440002441e-01
-4.297704398632049561e-01
2.115024030208587646e-01
6.326453387737274170e-02
6.197868585586547852e-01
-4.314036965370178223e-01
-2.079224348068237305e+00
9.156288504600524902e-01
-4.786164164543151855e-01
-6.360610127449035645e-01
1.549748659133911133e+00
1.112466573715209961e+00
-4.298462271690368652e-01
1.217473268508911133e+00
-1.372051119804382324e+00
-6.196007728576660156e-01
1.148070573806762695e+00
9.736630916595458984e-01
3.192763030529022217e-02
1.182051897048950195e-01
1.241267174482345581e-01
1.843083262443542480e+00
-1.148584723472595215e+00
2.972639799118041992e-01
8.217690140008926392e-02
-1.113473296165466309e+00
1.230484843254089355e-01
-1.023128747940063477e+00
1.932753622531890869e-01
-6.359034776687622070e-01
-1.235423326492309570e+00
-1.525931000709533691e+00
1.272280097007751465e+00
-1.517937779426574707e+00
1.360311150550842285e+00
8.318243026733398438e-01
-1.422205328941345215e+00
1.713689923286437988e+00
-6.322283744812011719e-01
2.085169076919555664e+00
-1.642958074808120728e-01
7.859007120132446289e-01
-1.533044576644897461e-01
-2.086882889270782471e-01
-1.726882606744766235e-01
-7.270222902297973633e-01
1.626884192228317261e-01
2.755127251148223877e-01
2.056756496429443359e+00
-9.114274978637695312e-01
6.611869335174560547e-01
-2.472344413399696350e-02
-4.761508107185363770e-02
1.593286156654357910e+00
1.181400060653686523e+00
-8.028198033571243286e-02
-9.857045114040374756e-02
-1.035296797752380371e+00
-3.014247417449951172e-01
1.069755315780639648e+00
4.015695154666900635e-01
2.745642066001892090e-01
2.208774387836456299e-01
6.381901353597640991e-02
-7.897920608520507812e-01
3.405794501304626465e-02
-1.705830097198486328e-01
5.119736194610595703e-01
-1.240811109542846680e+00
8.698699474334716797e-01
-8.244792819023132324e-01
-2.170360088348388672e-01
1.314108729362487793e+00
-2.992634773254394531e-01
-8.898677825927734375e-01
-4.113443791866302490e-01
9.370548725128173828e-01
5.858662128448486328e-01
-1.413393139839172363e+00
-3.678185641765594482e-01
-3.425069749355316162e-01
1.206512689590454102e+00
-3.303808867931365967e-01
-1.573766231536865234e+00
-1.001042008399963379e+00
7.249674201011657715e-01
1.421091258525848389e-01
1.534499764442443848e+00
2.010976672172546387e-01
-1.818253397941589355e-01
6.593760848045349121e-01
-1.735512018203735352e+00
6.563646793365478516e-01
-5.903472304344177246e-01
-4.276673793792724609e-01
-1.171818971633911133e+00
-1.267441868782043457e+00
2.514498680830001831e-02
-3.530821800231933594e-01
-2.248237133026123047e-01
-1.000422358512878418e+00
-2.952558994293212891e-01
1.621694445610046387e+00
7.691890001296997070e-01
-1.107805609703063965e+00
-6.505215167999267578e-01
-9.601836204528808594e-01
1.038283705711364746e+00
1.828270554542541504e+00
7.756922841072082520e-01
-8.390721082687377930e-01
-6.229926645755767822e-02
4.940364062786102295e-01
2.325577437877655029e-01
-1.266119241714477539e+00
-9.292078614234924316e-01
1.666830629110336304e-01
-5.273697972297668457e-01
8.824560046195983887e-01
1.320450901985168457e+00
8.414545059204101562e-01
-7.787076234817504883e-01
-1.503575563430786133e+00
1.160596728324890137e+00
-1.149531483650207520e+00
1.168041944503784180e+00
-1.849927455186843872e-01
2.568026632070541382e-02
5.155741572380065918e-01
3.558119535446166992e-01
5.045096874237060547e-01
-4.710462093353271484e-01
-4.136249423027038574e-01
-5.299280881881713867e-01
2.259087264537811279e-01
-9.352369904518127441e-01
5.802617073059082031e-01
-6.137715578079223633e-01
-8.293512463569641113e-02
8.858090639114379883e-01
4.806188941001892090e-01
-7.585839629173278809e-01
-6.384089589118957520e-02
6.268122196197509766e-01
-1.461558461189270020e+00
4.886618852615356445e-01
8.221458196640014648e-01
-2.492257118225097656e+00
2.235512256622314453e+00
3.579638898372650146e-01
-1.387395262718200684e+00
-5.072187185287475586e-01
-6.318266391754150391e-01
4.347649812698364258e-01
5.074710845947265625e-01
-1.838004589080810547e-01
1.372242331504821777e+00
1.813529990613460541e-02
1.602855026721954346e-01
-6.714691221714019775e-02
-3.385861814022064209e-01
4.125475287437438965e-01
4.103759825229644775e-01
3.116857409477233887e-01
8.188822269439697266e-01
2.667357772588729858e-02
5.552519559860229492e-01
-6.434818506240844727e-01
-3.198051452636718750e-01
-3.300642967224121094e-01
1.301051259040832520e+00
-3.444004654884338379e-01
1.677205860614776611e-01
1.582272052764892578e+00
-5.159318447113037109e-01
1.806668877601623535e+00
1.534401655197143555e+00
-9.740740805864334106e-02
6.033537387847900391e-01
7.888391613960266113e-01
5.858595669269561768e-02
-2.269769191741943359e+00
4.879827201366424561e-01
-4.488847851753234863e-01
-6.637984514236450195e-02
4.170127809047698975e-01
1.257313251495361328e+00
-1.076623201370239258e+00
3.737484514713287354e-01
1.093423843383789062e+00
-1.158311128616333008e+00
2.442637234926223755e-01
6.482791155576705933e-03
-5.198011398315429688e-01
2.553735375404357910e-01
6.395871043205261230e-01
-9.771507382392883301e-01
1.051514148712158203e-01
1.788014531135559082e+00
1.610958129167556763e-01
5.724294781684875488e-01
-1.370021224021911621e+00
1.313515901565551758e+00
5.434216260910034180e-01
-4.635967314243316650e-01
4.040678739547729492e-01
4.615947008132934570e-01
3.826229572296142578e-01
-6.211285591125488281e-01
-3.996675014495849609e-01
-7.144134640693664551e-01
5.994588136672973633e-02
-1.920170038938522339e-01
-1.637101024389266968e-01
1.514564156532287598e-01
5.646401643753051758e-01
2.073777914047241211e+00
-1.183393359184265137e+00
-1.174783468246459961e+00
7.245562076568603516e-01
-5.299322605133056641e-01
1.474058389663696289e+00
-4.309199452400207520e-01
5.731052756309509277e-01
-4.893192648887634277e-01
6.427884697914123535e-01
-1.374307155609130859e+00
-4.713343679904937744e-01
6.831413507461547852e-01
1.141323208808898926e+00
2.537863850593566895e-01
2.555242776870727539e+00
3.884953260421752930e-01
5.485943555831909180e-01
-8.914180397987365723e-01
1.293588161468505859e+00
1.372317075729370117e+00
-1.207544654607772827e-01
-3.897636532783508301e-01
1.678949594497680664e-01
3.438584208488464355e-01
-7.921817898750305176e-01
1.139575004577636719e+00
1.892802715301513672e-01
-7.499057054519653320e-01
1.418143510818481445e+00
